9900 100 0
0 1 92
1 0 92
0 2 67
2 0 67
0 3 15
3 0 15
0 4 37
4 0 37
0 5 51
5 0 51
0 6 36
6 0 36
0 7 76
7 0 76
0 8 73
8 0 73
0 9 43
9 0 43
0 10 66
10 0 66
0 11 19
11 0 19
0 12 31
12 0 31
0 13 55
13 0 55
0 14 82
14 0 82
0 15 90
15 0 90
0 16 21
16 0 21
0 17 94
17 0 94
0 18 73
18 0 73
0 19 49
19 0 49
0 20 18
20 0 18
0 21 10
21 0 10
0 22 66
22 0 66
0 23 7
23 0 7
0 24 77
24 0 77
0 25 32
25 0 32
0 26 54
26 0 54
0 27 21
27 0 21
0 28 70
28 0 70
0 29 7
29 0 7
0 30 19
30 0 19
0 31 31
31 0 31
0 32 99
32 0 99
0 33 85
33 0 85
0 34 45
34 0 45
0 35 35
35 0 35
0 36 88
36 0 88
0 37 80
37 0 80
0 38 63
38 0 63
0 39 12
39 0 12
0 40 22
40 0 22
0 41 28
41 0 28
0 42 30
42 0 30
0 43 4
43 0 4
0 44 34
44 0 34
0 45 11
45 0 11
0 46 45
46 0 45
0 47 7
47 0 7
0 48 4
48 0 4
0 49 17
49 0 17
0 50 55
50 0 55
0 51 73
51 0 73
0 52 79
52 0 79
0 53 73
53 0 73
0 54 79
54 0 79
0 55 7
55 0 7
0 56 4
56 0 4
0 57 85
57 0 85
0 58 27
58 0 27
0 59 25
59 0 25
0 60 43
60 0 43
0 61 97
61 0 97
0 62 55
62 0 55
0 63 93
63 0 93
0 64 34
64 0 34
0 65 52
65 0 52
0 66 28
66 0 28
0 67 73
67 0 73
0 68 83
68 0 83
0 69 42
69 0 42
0 70 84
70 0 84
0 71 5
71 0 5
0 72 69
72 0 69
0 73 13
73 0 13
0 74 60
74 0 60
0 75 55
75 0 55
0 76 75
76 0 75
0 77 57
77 0 57
0 78 61
78 0 61
0 79 78
79 0 78
0 80 73
80 0 73
0 81 15
81 0 15
0 82 2
82 0 2
0 83 3
83 0 3
0 84 39
84 0 39
0 85 32
85 0 32
0 86 9
86 0 9
0 87 42
87 0 42
0 88 68
88 0 68
0 89 36
89 0 36
0 90 19
90 0 19
0 91 11
91 0 11
0 92 84
92 0 84
0 93 25
93 0 25
0 94 3
94 0 3
0 95 17
95 0 17
0 96 76
96 0 76
0 97 82
97 0 82
0 98 89
98 0 89
0 99 59
99 0 59
1 2 23
2 1 23
1 3 72
3 1 72
1 4 15
4 1 15
1 5 44
5 1 44
1 6 84
6 1 84
1 7 26
7 1 26
1 8 98
8 1 98
1 9 58
9 1 58
1 10 82
10 1 82
1 11 58
11 1 58
1 12 87
12 1 87
1 13 7
13 1 7
1 14 24
14 1 24
1 15 40
15 1 40
1 16 9
16 1 9
1 17 63
17 1 63
1 18 72
18 1 72
1 19 70
19 1 70
1 20 56
20 1 56
1 21 39
21 1 39
1 22 5
22 1 5
1 23 26
23 1 26
1 24 1
24 1 1
1 25 88
25 1 88
1 26 51
26 1 51
1 27 4
27 1 4
1 28 57
28 1 57
1 29 78
29 1 78
1 30 37
30 1 37
1 31 45
31 1 45
1 32 88
32 1 88
1 33 12
33 1 12
1 34 69
34 1 69
1 35 54
35 1 54
1 36 55
36 1 55
1 37 4
37 1 4
1 38 80
38 1 80
1 39 4
39 1 4
1 40 62
40 1 62
1 41 13
41 1 13
1 42 13
42 1 13
1 43 100
43 1 100
1 44 19
44 1 19
1 45 36
45 1 36
1 46 40
46 1 40
1 47 80
47 1 80
1 48 50
48 1 50
1 49 11
49 1 11
1 50 49
50 1 49
1 51 58
51 1 58
1 52 1
52 1 1
1 53 5
53 1 5
1 54 83
54 1 83
1 55 2
55 1 2
1 56 44
56 1 44
1 57 85
57 1 85
1 58 57
58 1 57
1 59 52
59 1 52
1 60 15
60 1 15
1 61 93
61 1 93
1 62 97
62 1 97
1 63 2
63 1 2
1 64 4
64 1 4
1 65 65
65 1 65
1 66 56
66 1 56
1 67 10
67 1 10
1 68 68
68 1 68
1 69 35
69 1 35
1 70 13
70 1 13
1 71 81
71 1 81
1 72 99
72 1 99
1 73 25
73 1 25
1 74 33
74 1 33
1 75 70
75 1 70
1 76 13
76 1 13
1 77 24
77 1 24
1 78 1
78 1 1
1 79 14
79 1 14
1 80 34
80 1 34
1 81 1
81 1 1
1 82 23
82 1 23
1 83 86
83 1 86
1 84 5
84 1 5
1 85 6
85 1 6
1 86 87
86 1 87
1 87 100
87 1 100
1 88 42
88 1 42
1 89 95
89 1 95
1 90 52
90 1 52
1 91 56
91 1 56
1 92 88
92 1 88
1 93 100
93 1 100
1 94 58
94 1 58
1 95 43
95 1 43
1 96 16
96 1 16
1 97 65
97 1 65
1 98 5
98 1 5
1 99 35
99 1 35
2 3 51
3 2 51
2 4 17
4 2 17
2 5 16
5 2 16
2 6 49
6 2 49
2 7 94
7 2 94
2 8 100
8 2 100
2 9 70
9 2 70
2 10 58
10 2 58
2 11 23
11 2 23
2 12 70
12 2 70
2 13 71
13 2 71
2 14 8
14 2 8
2 15 70
15 2 70
2 16 94
16 2 94
2 17 93
17 2 93
2 18 26
18 2 26
2 19 51
19 2 51
2 20 32
20 2 32
2 21 26
21 2 26
2 22 92
22 2 92
2 23 26
23 2 26
2 24 29
24 2 29
2 25 100
25 2 100
2 26 65
26 2 65
2 27 80
27 2 80
2 28 9
28 2 9
2 29 60
29 2 60
2 30 95
30 2 95
2 31 73
31 2 73
2 32 64
32 2 64
2 33 29
33 2 29
2 34 23
34 2 23
2 35 32
35 2 32
2 36 96
36 2 96
2 37 23
37 2 23
2 38 25
38 2 25
2 39 95
39 2 95
2 40 93
40 2 93
2 41 82
41 2 82
2 42 17
42 2 17
2 43 62
43 2 62
2 44 5
44 2 5
2 45 76
45 2 76
2 46 32
46 2 32
2 47 98
47 2 98
2 48 69
48 2 69
2 49 57
49 2 57
2 50 100
50 2 100
2 51 52
51 2 52
2 52 34
52 2 34
2 53 91
53 2 91
2 54 29
54 2 29
2 55 14
55 2 14
2 56 42
56 2 42
2 57 46
57 2 46
2 58 93
58 2 93
2 59 50
59 2 50
2 60 5
60 2 5
2 61 87
61 2 87
2 62 74
62 2 74
2 63 20
63 2 20
2 64 68
64 2 68
2 65 96
65 2 96
2 66 51
66 2 51
2 67 63
67 2 63
2 68 19
68 2 19
2 69 28
69 2 28
2 70 58
70 2 58
2 71 63
71 2 63
2 72 61
72 2 61
2 73 26
73 2 26
2 74 24
74 2 24
2 75 65
75 2 65
2 76 2
76 2 2
2 77 7
77 2 7
2 78 14
78 2 14
2 79 22
79 2 22
2 80 16
80 2 16
2 81 13
81 2 13
2 82 73
82 2 73
2 83 1
83 2 1
2 84 56
84 2 56
2 85 53
85 2 53
2 86 15
86 2 15
2 87 97
87 2 97
2 88 98
88 2 98
2 89 59
89 2 59
2 90 99
90 2 99
2 91 54
91 2 54
2 92 98
92 2 98
2 93 72
93 2 72
2 94 25
94 2 25
2 95 65
95 2 65
2 96 20
96 2 20
2 97 28
97 2 28
2 98 27
98 2 27
2 99 90
99 2 90
3 4 55
4 3 55
3 5 36
5 3 36
3 6 52
6 3 52
3 7 67
7 3 67
3 8 14
8 3 14
3 9 27
9 3 27
3 10 32
10 3 32
3 11 67
11 3 67
3 12 86
12 3 86
3 13 97
13 3 97
3 14 88
14 3 88
3 15 1
15 3 1
3 16 10
16 3 10
3 17 12
17 3 12
3 18 53
18 3 53
3 19 17
19 3 17
3 20 16
20 3 16
3 21 19
21 3 19
3 22 13
22 3 13
3 23 14
23 3 14
3 24 78
24 3 78
3 25 63
25 3 63
3 26 19
26 3 19
3 27 75
27 3 75
3 28 35
28 3 35
3 29 44
29 3 44
3 30 39
30 3 39
3 31 6
31 3 6
3 32 71
32 3 71
3 33 17
33 3 17
3 34 95
34 3 95
3 35 77
35 3 77
3 36 53
36 3 53
3 37 98
37 3 98
3 38 43
38 3 43
3 39 18
39 3 18
3 40 24
40 3 24
3 41 26
41 3 26
3 42 84
42 3 84
3 43 9
43 3 9
3 44 23
44 3 23
3 45 71
45 3 71
3 46 61
46 3 61
3 47 32
47 3 32
3 48 34
48 3 34
3 49 14
49 3 14
3 50 48
50 3 48
3 51 49
51 3 49
3 52 32
52 3 32
3 53 12
53 3 12
3 54 14
54 3 14
3 55 9
55 3 9
3 56 27
56 3 27
3 57 33
57 3 33
3 58 35
58 3 35
3 59 61
59 3 61
3 60 76
60 3 76
3 61 25
61 3 25
3 62 18
62 3 18
3 63 98
63 3 98
3 64 42
64 3 42
3 65 12
65 3 12
3 66 74
66 3 74
3 67 46
67 3 46
3 68 9
68 3 9
3 69 16
69 3 16
3 70 63
70 3 63
3 71 84
71 3 84
3 72 42
72 3 42
3 73 46
73 3 46
3 74 93
74 3 93
3 75 64
75 3 64
3 76 68
76 3 68
3 77 5
77 3 5
3 78 47
78 3 47
3 79 1
79 3 1
3 80 18
80 3 18
3 81 46
81 3 46
3 82 49
82 3 49
3 83 2
83 3 2
3 84 9
84 3 9
3 85 15
85 3 15
3 86 62
86 3 62
3 87 35
87 3 35
3 88 47
88 3 47
3 89 97
89 3 97
3 90 47
90 3 47
3 91 74
91 3 74
3 92 21
92 3 21
3 93 64
93 3 64
3 94 71
94 3 71
3 95 14
95 3 14
3 96 27
96 3 27
3 97 44
97 3 44
3 98 59
98 3 59
3 99 87
99 3 87
4 5 59
5 4 59
4 6 21
6 4 21
4 7 71
7 4 71
4 8 52
8 4 52
4 9 66
9 4 66
4 10 15
10 4 15
4 11 67
11 4 67
4 12 33
12 4 33
4 13 19
13 4 19
4 14 65
14 4 65
4 15 85
15 4 85
4 16 89
16 4 89
4 17 10
17 4 10
4 18 34
18 4 34
4 19 90
19 4 90
4 20 71
20 4 71
4 21 48
21 4 48
4 22 51
22 4 51
4 23 5
23 4 5
4 24 46
24 4 46
4 25 99
25 4 99
4 26 4
26 4 4
4 27 19
27 4 19
4 28 72
28 4 72
4 29 67
29 4 67
4 30 89
30 4 89
4 31 85
31 4 85
4 32 46
32 4 46
4 33 84
33 4 84
4 34 44
34 4 44
4 35 32
35 4 32
4 36 94
36 4 94
4 37 64
37 4 64
4 38 54
38 4 54
4 39 46
39 4 46
4 40 82
40 4 82
4 41 20
41 4 20
4 42 12
42 4 12
4 43 14
43 4 14
4 44 91
44 4 91
4 45 29
45 4 29
4 46 99
46 4 99
4 47 79
47 4 79
4 48 38
48 4 38
4 49 84
49 4 84
4 50 20
50 4 20
4 51 60
51 4 60
4 52 83
52 4 83
4 53 22
53 4 22
4 54 17
54 4 17
4 55 80
55 4 80
4 56 21
56 4 21
4 57 20
57 4 20
4 58 98
58 4 98
4 59 92
59 4 92
4 60 38
60 4 38
4 61 38
61 4 38
4 62 76
62 4 76
4 63 83
63 4 83
4 64 21
64 4 21
4 65 71
65 4 71
4 66 67
66 4 67
4 67 14
67 4 14
4 68 35
68 4 35
4 69 72
69 4 72
4 70 11
70 4 11
4 71 68
71 4 68
4 72 92
72 4 92
4 73 75
73 4 75
4 74 81
74 4 81
4 75 82
75 4 82
4 76 3
76 4 3
4 77 31
77 4 31
4 78 12
78 4 12
4 79 92
79 4 92
4 80 66
80 4 66
4 81 31
81 4 31
4 82 52
82 4 52
4 83 100
83 4 100
4 84 4
84 4 4
4 85 68
85 4 68
4 86 79
86 4 79
4 87 24
87 4 24
4 88 39
88 4 39
4 89 76
89 4 76
4 90 67
90 4 67
4 91 76
91 4 76
4 92 65
92 4 65
4 93 95
93 4 95
4 94 11
94 4 11
4 95 85
95 4 85
4 96 65
96 4 65
4 97 29
97 4 29
4 98 51
98 4 51
4 99 51
99 4 51
5 6 100
6 5 100
5 7 61
7 5 61
5 8 18
8 5 18
5 9 91
9 5 91
5 10 87
10 5 87
5 11 51
11 5 51
5 12 24
12 5 24
5 13 89
13 5 89
5 14 33
14 5 33
5 15 35
15 5 35
5 16 81
16 5 81
5 17 99
17 5 99
5 18 17
18 5 17
5 19 84
19 5 84
5 20 98
20 5 98
5 21 21
21 5 21
5 22 3
22 5 3
5 23 77
23 5 77
5 24 96
24 5 96
5 25 41
25 5 41
5 26 4
26 5 4
5 27 15
27 5 15
5 28 16
28 5 16
5 29 69
29 5 69
5 30 61
30 5 61
5 31 78
31 5 78
5 32 5
32 5 5
5 33 77
33 5 77
5 34 6
34 5 6
5 35 7
35 5 7
5 36 80
36 5 80
5 37 6
37 5 6
5 38 68
38 5 68
5 39 49
39 5 49
5 40 48
40 5 48
5 41 6
41 5 6
5 42 99
42 5 99
5 43 72
43 5 72
5 44 95
44 5 95
5 45 84
45 5 84
5 46 58
46 5 58
5 47 27
47 5 27
5 48 82
48 5 82
5 49 27
49 5 27
5 50 10
50 5 10
5 51 31
51 5 31
5 52 99
52 5 99
5 53 12
53 5 12
5 54 59
54 5 59
5 55 46
55 5 46
5 56 52
56 5 52
5 57 15
57 5 15
5 58 60
58 5 60
5 59 19
59 5 19
5 60 35
60 5 35
5 61 72
61 5 72
5 62 49
62 5 49
5 63 39
63 5 39
5 64 49
64 5 49
5 65 54
65 5 54
5 66 46
66 5 46
5 67 28
67 5 28
5 68 11
68 5 11
5 69 65
69 5 65
5 70 76
70 5 76
5 71 59
71 5 59
5 72 70
72 5 70
5 73 27
73 5 27
5 74 82
74 5 82
5 75 16
75 5 16
5 76 10
76 5 10
5 77 91
77 5 91
5 78 42
78 5 42
5 79 43
79 5 43
5 80 17
80 5 17
5 81 51
81 5 51
5 82 73
82 5 73
5 83 15
83 5 15
5 84 14
84 5 14
5 85 84
85 5 84
5 86 61
86 5 61
5 87 17
87 5 17
5 88 98
88 5 98
5 89 72
89 5 72
5 90 36
90 5 36
5 91 32
91 5 32
5 92 96
92 5 96
5 93 36
93 5 36
5 94 22
94 5 22
5 95 44
95 5 44
5 96 89
96 5 89
5 97 19
97 5 19
5 98 23
98 5 23
5 99 52
99 5 52
6 7 83
7 6 83
6 8 50
8 6 50
6 9 62
9 6 62
6 10 5
10 6 5
6 11 76
11 6 76
6 12 95
12 6 95
6 13 20
13 6 20
6 14 37
14 6 37
6 15 85
15 6 85
6 16 14
16 6 14
6 17 79
17 6 79
6 18 2
18 6 2
6 19 16
19 6 16
6 20 4
20 6 4
6 21 68
21 6 68
6 22 30
22 6 30
6 23 39
23 6 39
6 24 80
24 6 80
6 25 46
25 6 46
6 26 36
26 6 36
6 27 4
27 6 4
6 28 33
28 6 33
6 29 19
29 6 19
6 30 99
30 6 99
6 31 68
31 6 68
6 32 40
32 6 40
6 33 94
33 6 94
6 34 9
34 6 9
6 35 59
35 6 59
6 36 68
36 6 68
6 37 60
37 6 60
6 38 93
38 6 93
6 39 17
39 6 17
6 40 73
40 6 73
6 41 97
41 6 97
6 42 45
42 6 45
6 43 67
43 6 67
6 44 69
44 6 69
6 45 81
45 6 81
6 46 51
46 6 51
6 47 34
47 6 34
6 48 12
48 6 12
6 49 4
49 6 4
6 50 49
50 6 49
6 51 67
51 6 67
6 52 24
52 6 24
6 53 78
53 6 78
6 54 5
54 6 5
6 55 55
55 6 55
6 56 76
56 6 76
6 57 92
57 6 92
6 58 58
58 6 58
6 59 60
59 6 60
6 60 10
60 6 10
6 61 8
61 6 8
6 62 28
62 6 28
6 63 49
63 6 49
6 64 1
64 6 1
6 65 88
65 6 88
6 66 59
66 6 59
6 67 68
67 6 68
6 68 99
68 6 99
6 69 52
69 6 52
6 70 37
70 6 37
6 71 71
71 6 71
6 72 100
72 6 100
6 73 81
73 6 81
6 74 89
74 6 89
6 75 20
75 6 20
6 76 13
76 6 13
6 77 39
77 6 39
6 78 53
78 6 53
6 79 76
79 6 76
6 80 95
80 6 95
6 81 54
81 6 54
6 82 42
82 6 42
6 83 70
83 6 70
6 84 31
84 6 31
6 85 46
85 6 46
6 86 24
86 6 24
6 87 58
87 6 58
6 88 89
88 6 89
6 89 82
89 6 82
6 90 18
90 6 18
6 91 98
91 6 98
6 92 41
92 6 41
6 93 97
93 6 97
6 94 99
94 6 99
6 95 42
95 6 42
6 96 84
96 6 84
6 97 9
97 6 9
6 98 61
98 6 61
6 99 82
99 6 82
7 8 60
8 7 60
7 9 97
9 7 97
7 10 4
10 7 4
7 11 12
11 7 12
7 12 29
12 7 29
7 13 92
13 7 92
7 14 31
14 7 31
7 15 42
15 7 42
7 16 82
16 7 82
7 17 36
17 7 36
7 18 17
18 7 17
7 19 76
19 7 76
7 20 89
20 7 89
7 21 11
21 7 11
7 22 97
22 7 97
7 23 71
23 7 71
7 24 8
24 7 8
7 25 21
25 7 21
7 26 29
26 7 29
7 27 97
27 7 97
7 28 54
28 7 54
7 29 98
29 7 98
7 30 46
30 7 46
7 31 94
31 7 94
7 32 94
32 7 94
7 33 44
33 7 44
7 34 87
34 7 87
7 35 77
35 7 77
7 36 53
36 7 53
7 37 48
37 7 48
7 38 10
38 7 10
7 39 64
39 7 64
7 40 96
40 7 96
7 41 13
41 7 13
7 42 75
42 7 75
7 43 25
43 7 25
7 44 4
44 7 4
7 45 58
45 7 58
7 46 18
46 7 18
7 47 85
47 7 85
7 48 93
48 7 93
7 49 86
49 7 86
7 50 13
50 7 13
7 51 33
51 7 33
7 52 96
52 7 96
7 53 9
53 7 9
7 54 3
54 7 3
7 55 4
55 7 4
7 56 81
56 7 81
7 57 83
57 7 83
7 58 52
58 7 52
7 59 34
59 7 34
7 60 80
60 7 80
7 61 97
61 7 97
7 62 28
62 7 28
7 63 73
63 7 73
7 64 41
64 7 41
7 65 66
65 7 66
7 66 1
66 7 1
7 67 45
67 7 45
7 68 13
68 7 13
7 69 10
69 7 10
7 70 60
70 7 60
7 71 61
71 7 61
7 72 74
72 7 74
7 73 35
73 7 35
7 74 85
74 7 85
7 75 77
75 7 77
7 76 44
76 7 44
7 77 54
77 7 54
7 78 14
78 7 14
7 79 88
79 7 88
7 80 39
80 7 39
7 81 78
81 7 78
7 82 20
82 7 20
7 83 87
83 7 87
7 84 38
84 7 38
7 85 74
85 7 74
7 86 42
86 7 42
7 87 19
87 7 19
7 88 57
88 7 57
7 89 93
89 7 93
7 90 4
90 7 4
7 91 88
91 7 88
7 92 89
92 7 89
7 93 83
93 7 83
7 94 13
94 7 13
7 95 81
95 7 81
7 96 49
96 7 49
7 97 13
97 7 13
7 98 77
98 7 77
7 99 61
99 7 61
8 9 75
9 8 75
8 10 37
10 8 37
8 11 73
11 8 73
8 12 100
12 8 100
8 13 23
13 8 23
8 14 57
14 8 57
8 15 29
15 8 29
8 16 66
16 8 66
8 17 62
17 8 62
8 18 42
18 8 42
8 19 5
19 8 5
8 20 53
20 8 53
8 21 71
21 8 71
8 22 24
22 8 24
8 23 39
23 8 39
8 24 8
24 8 8
8 25 97
25 8 97
8 26 80
26 8 80
8 27 26
27 8 26
8 28 5
28 8 5
8 29 24
29 8 24
8 30 30
30 8 30
8 31 93
31 8 93
8 32 64
32 8 64
8 33 64
33 8 64
8 34 5
34 8 5
8 35 97
35 8 97
8 36 12
36 8 12
8 37 69
37 8 69
8 38 73
38 8 73
8 39 25
39 8 25
8 40 43
40 8 43
8 41 61
41 8 61
8 42 97
42 8 97
8 43 95
43 8 95
8 44 83
44 8 83
8 45 6
45 8 6
8 46 23
46 8 23
8 47 100
47 8 100
8 48 67
48 8 67
8 49 64
49 8 64
8 50 4
50 8 4
8 51 19
51 8 19
8 52 34
52 8 34
8 53 27
53 8 27
8 54 9
54 8 9
8 55 93
55 8 93
8 56 76
56 8 76
8 57 40
57 8 40
8 58 19
58 8 19
8 59 80
59 8 80
8 60 63
60 8 63
8 61 100
61 8 100
8 62 24
62 8 24
8 63 79
63 8 79
8 64 63
64 8 63
8 65 28
65 8 28
8 66 75
66 8 75
8 67 27
67 8 27
8 68 97
68 8 97
8 69 47
69 8 47
8 70 51
70 8 51
8 71 91
71 8 91
8 72 8
72 8 8
8 73 47
73 8 47
8 74 85
74 8 85
8 75 42
75 8 42
8 76 52
76 8 52
8 77 7
77 8 7
8 78 42
78 8 42
8 79 71
79 8 71
8 80 22
80 8 22
8 81 45
81 8 45
8 82 41
82 8 41
8 83 7
83 8 7
8 84 24
84 8 24
8 85 2
85 8 2
8 86 100
86 8 100
8 87 51
87 8 51
8 88 41
88 8 41
8 89 70
89 8 70
8 90 82
90 8 82
8 91 56
91 8 56
8 92 21
92 8 21
8 93 6
93 8 6
8 94 34
94 8 34
8 95 35
95 8 35
8 96 85
96 8 85
8 97 8
97 8 8
8 98 61
98 8 61
8 99 33
99 8 33
9 10 6
10 9 6
9 11 63
11 9 63
9 12 24
12 9 24
9 13 65
13 9 65
9 14 10
14 9 10
9 15 60
15 9 60
9 16 7
16 9 7
9 17 13
17 9 13
9 18 19
18 9 19
9 19 100
19 9 100
9 20 35
20 9 35
9 21 92
21 9 92
9 22 96
22 9 96
9 23 76
23 9 76
9 24 51
24 9 51
9 25 19
25 9 19
9 26 29
26 9 29
9 27 2
27 9 2
9 28 21
28 9 21
9 29 69
29 9 69
9 30 71
30 9 71
9 31 3
31 9 3
9 32 76
32 9 76
9 33 43
33 9 43
9 34 60
34 9 60
9 35 9
35 9 9
9 36 29
36 9 29
9 37 44
37 9 44
9 38 68
38 9 68
9 39 90
39 9 90
9 40 77
40 9 77
9 41 74
41 9 74
9 42 4
42 9 4
9 43 52
43 9 52
9 44 38
44 9 38
9 45 13
45 9 13
9 46 63
46 9 63
9 47 96
47 9 96
9 48 78
48 9 78
9 49 81
49 9 81
9 50 95
50 9 95
9 51 12
51 9 12
9 52 25
52 9 25
9 53 91
53 9 91
9 54 39
54 9 39
9 55 75
55 9 75
9 56 61
56 9 61
9 57 19
57 9 19
9 58 76
58 9 76
9 59 82
59 9 82
9 60 88
60 9 88
9 61 98
61 9 98
9 62 36
62 9 36
9 63 63
63 9 63
9 64 92
64 9 92
9 65 47
65 9 47
9 66 24
66 9 24
9 67 20
67 9 20
9 68 90
68 9 90
9 69 91
69 9 91
9 70 61
70 9 61
9 71 18
71 9 18
9 72 16
72 9 16
9 73 65
73 9 65
9 74 21
74 9 21
9 75 54
75 9 54
9 76 29
76 9 29
9 77 84
77 9 84
9 78 1
78 9 1
9 79 6
79 9 6
9 80 16
80 9 16
9 81 96
81 9 96
9 82 70
82 9 70
9 83 40
83 9 40
9 84 86
84 9 86
9 85 60
85 9 60
9 86 66
86 9 66
9 87 98
87 9 98
9 88 79
88 9 79
9 89 41
89 9 41
9 90 31
90 9 31
9 91 18
91 9 18
9 92 90
92 9 90
9 93 18
93 9 18
9 94 32
94 9 32
9 95 33
95 9 33
9 96 64
96 9 64
9 97 55
97 9 55
9 98 53
98 9 53
9 99 6
99 9 6
10 11 46
11 10 46
10 12 65
12 10 65
10 13 23
13 10 23
10 14 13
14 10 13
10 15 29
15 10 29
10 16 44
16 10 44
10 17 66
17 10 66
10 18 58
18 10 58
10 19 27
19 10 27
10 20 67
20 10 67
10 21 15
21 10 15
10 22 94
22 10 94
10 23 14
23 10 14
10 24 36
24 10 36
10 25 34
25 10 34
10 26 51
26 10 51
10 27 96
27 10 96
10 28 99
28 10 99
10 29 48
29 10 48
10 30 26
30 10 26
10 31 92
31 10 92
10 32 79
32 10 79
10 33 95
33 10 95
10 34 33
34 10 33
10 35 48
35 10 48
10 36 26
36 10 26
10 37 66
37 10 66
10 38 12
38 10 12
10 39 33
39 10 33
10 40 18
40 10 18
10 41 17
41 10 17
10 42 30
42 10 30
10 43 82
43 10 82
10 44 39
44 10 39
10 45 42
45 10 42
10 46 63
46 10 63
10 47 34
47 10 34
10 48 60
48 10 60
10 49 72
49 10 72
10 50 12
50 10 12
10 51 26
51 10 26
10 52 86
52 10 86
10 53 6
53 10 6
10 54 91
54 10 91
10 55 22
55 10 22
10 56 91
56 10 91
10 57 41
57 10 41
10 58 69
58 10 69
10 59 89
59 10 89
10 60 40
60 10 40
10 61 46
61 10 46
10 62 32
62 10 32
10 63 70
63 10 70
10 64 40
64 10 40
10 65 65
65 10 65
10 66 18
66 10 18
10 67 17
67 10 17
10 68 82
68 10 82
10 69 29
69 10 29
10 70 49
70 10 49
10 71 51
71 10 51
10 72 45
72 10 45
10 73 78
73 10 78
10 74 84
74 10 84
10 75 35
75 10 35
10 76 20
76 10 20
10 77 46
77 10 46
10 78 21
78 10 21
10 79 79
79 10 79
10 80 17
80 10 17
10 81 32
81 10 32
10 82 56
82 10 56
10 83 55
83 10 55
10 84 89
84 10 89
10 85 98
85 10 98
10 86 76
86 10 76
10 87 79
87 10 79
10 88 38
88 10 38
10 89 96
89 10 96
10 90 20
90 10 20
10 91 29
91 10 29
10 92 93
92 10 93
10 93 51
93 10 51
10 94 99
94 10 99
10 95 84
95 10 84
10 96 67
96 10 67
10 97 68
97 10 68
10 98 100
98 10 100
10 99 48
99 10 48
11 12 96
12 11 96
11 13 1
13 11 1
11 14 98
14 11 98
11 15 92
15 11 92
11 16 78
16 11 78
11 17 82
17 11 82
11 18 78
18 11 78
11 19 49
19 11 49
11 20 79
20 11 79
11 21 98
21 11 98
11 22 79
22 11 79
11 23 96
23 11 96
11 24 82
24 11 82
11 25 86
25 11 86
11 26 50
26 11 50
11 27 70
27 11 70
11 28 83
28 11 83
11 29 77
29 11 77
11 30 49
30 11 49
11 31 72
31 11 72
11 32 24
32 11 24
11 33 20
33 11 20
11 34 1
34 11 1
11 35 16
35 11 16
11 36 70
36 11 70
11 37 51
37 11 51
11 38 99
38 11 99
11 39 89
39 11 89
11 40 18
40 11 18
11 41 98
41 11 98
11 42 36
42 11 36
11 43 65
43 11 65
11 44 98
44 11 98
11 45 86
45 11 86
11 46 8
46 11 8
11 47 28
47 11 28
11 48 19
48 11 19
11 49 37
49 11 37
11 50 28
50 11 28
11 51 97
51 11 97
11 52 35
52 11 35
11 53 7
53 11 7
11 54 44
54 11 44
11 55 68
55 11 68
11 56 92
56 11 92
11 57 45
57 11 45
11 58 89
58 11 89
11 59 27
59 11 27
11 60 21
60 11 21
11 61 89
61 11 89
11 62 98
62 11 98
11 63 44
63 11 44
11 64 8
64 11 8
11 65 50
65 11 50
11 66 11
66 11 11
11 67 78
67 11 78
11 68 52
68 11 52
11 69 9
69 11 9
11 70 18
70 11 18
11 71 21
71 11 21
11 72 59
72 11 59
11 73 5
73 11 5
11 74 37
74 11 37
11 75 56
75 11 56
11 76 90
76 11 90
11 77 44
77 11 44
11 78 35
78 11 35
11 79 60
79 11 60
11 80 81
80 11 81
11 81 63
81 11 63
11 82 57
82 11 57
11 83 67
83 11 67
11 84 21
84 11 21
11 85 52
85 11 52
11 86 86
86 11 86
11 87 12
87 11 12
11 88 97
88 11 97
11 89 74
89 11 74
11 90 90
90 11 90
11 91 69
91 11 69
11 92 63
92 11 63
11 93 88
93 11 88
11 94 65
94 11 65
11 95 70
95 11 70
11 96 89
96 11 89
11 97 75
97 11 75
11 98 99
98 11 99
11 99 41
99 11 41
12 13 84
13 12 84
12 14 16
14 12 16
12 15 61
15 12 61
12 16 94
16 12 94
12 17 21
17 12 21
12 18 98
18 12 98
12 19 49
19 12 49
12 20 62
20 12 62
12 21 93
21 12 93
12 22 36
22 12 36
12 23 22
23 12 22
12 24 25
24 12 25
12 25 98
25 12 98
12 26 30
26 12 30
12 27 43
27 12 43
12 28 70
28 12 70
12 29 33
29 12 33
12 30 28
30 12 28
12 31 81
31 12 81
12 32 29
32 12 29
12 33 54
33 12 54
12 34 71
34 12 71
12 35 50
35 12 50
12 36 16
36 12 16
12 37 10
37 12 10
12 38 14
38 12 14
12 39 37
39 12 37
12 40 98
40 12 98
12 41 88
41 12 88
12 42 36
42 12 36
12 43 90
43 12 90
12 44 23
44 12 23
12 45 3
45 12 3
12 46 3
46 12 3
12 47 16
47 12 16
12 48 75
48 12 75
12 49 52
49 12 52
12 50 17
50 12 17
12 51 37
51 12 37
12 52 44
52 12 44
12 53 4
53 12 4
12 54 10
54 12 10
12 55 21
55 12 21
12 56 53
56 12 53
12 57 91
57 12 91
12 58 63
58 12 63
12 59 22
59 12 22
12 60 23
60 12 23
12 61 43
61 12 43
12 62 2
62 12 2
12 63 52
63 12 52
12 64 96
64 12 96
12 65 24
65 12 24
12 66 53
66 12 53
12 67 63
67 12 63
12 68 85
68 12 85
12 69 66
69 12 66
12 70 99
70 12 99
12 71 35
71 12 35
12 72 5
72 12 5
12 73 86
73 12 86
12 74 24
74 12 24
12 75 28
75 12 28
12 76 89
76 12 89
12 77 78
77 12 78
12 78 95
78 12 95
12 79 63
79 12 63
12 80 29
80 12 29
12 81 63
81 12 63
12 82 51
82 12 51
12 83 25
83 12 25
12 84 66
84 12 66
12 85 12
85 12 12
12 86 45
86 12 45
12 87 18
87 12 18
12 88 2
88 12 2
12 89 59
89 12 59
12 90 39
90 12 39
12 91 25
91 12 25
12 92 1
92 12 1
12 93 93
93 12 93
12 94 28
94 12 28
12 95 48
95 12 48
12 96 68
96 12 68
12 97 80
97 12 80
12 98 62
98 12 62
12 99 5
99 12 5
13 14 97
14 13 97
13 15 61
15 13 61
13 16 39
16 13 39
13 17 1
17 13 1
13 18 46
18 13 46
13 19 14
19 13 14
13 20 80
20 13 80
13 21 86
21 13 86
13 22 92
22 13 92
13 23 27
23 13 27
13 24 49
24 13 49
13 25 72
25 13 72
13 26 89
26 13 89
13 27 51
27 13 51
13 28 96
28 13 96
13 29 55
29 13 55
13 30 63
30 13 63
13 31 40
31 13 40
13 32 24
32 13 24
13 33 64
33 13 64
13 34 99
34 13 99
13 35 15
35 13 15
13 36 40
36 13 40
13 37 51
37 13 51
13 38 7
38 13 7
13 39 19
39 13 19
13 40 51
40 13 51
13 41 26
41 13 26
13 42 98
42 13 98
13 43 12
43 13 12
13 44 30
44 13 30
13 45 94
45 13 94
13 46 24
46 13 24
13 47 20
47 13 20
13 48 47
48 13 47
13 49 70
49 13 70
13 50 34
50 13 34
13 51 26
51 13 26
13 52 55
52 13 55
13 53 77
53 13 77
13 54 52
54 13 52
13 55 55
55 13 55
13 56 48
56 13 48
13 57 93
57 13 93
13 58 6
58 13 6
13 59 44
59 13 44
13 60 99
60 13 99
13 61 68
61 13 68
13 62 35
62 13 35
13 63 22
63 13 22
13 64 83
64 13 83
13 65 85
65 13 85
13 66 88
66 13 88
13 67 23
67 13 23
13 68 36
68 13 36
13 69 94
69 13 94
13 70 41
70 13 41
13 71 38
71 13 38
13 72 72
72 13 72
13 73 91
73 13 91
13 74 49
74 13 49
13 75 1
75 13 1
13 76 36
76 13 36
13 77 73
77 13 73
13 78 21
78 13 21
13 79 82
79 13 82
13 80 94
80 13 94
13 81 6
81 13 6
13 82 60
82 13 60
13 83 100
83 13 100
13 84 34
84 13 34
13 85 63
85 13 63
13 86 7
86 13 7
13 87 81
87 13 81
13 88 55
88 13 55
13 89 12
89 13 12
13 90 76
90 13 76
13 91 5
91 13 5
13 92 31
92 13 31
13 93 11
93 13 11
13 94 79
94 13 79
13 95 13
95 13 13
13 96 95
96 13 95
13 97 66
97 13 66
13 98 87
98 13 87
13 99 82
99 13 82
14 15 60
15 14 60
14 16 80
16 14 80
14 17 19
17 14 19
14 18 83
18 14 83
14 19 70
19 14 70
14 20 20
20 14 20
14 21 35
21 14 35
14 22 57
22 14 57
14 23 44
23 14 44
14 24 55
24 14 55
14 25 39
25 14 39
14 26 89
26 14 89
14 27 12
27 14 12
14 28 50
28 14 50
14 29 88
29 14 88
14 30 45
30 14 45
14 31 64
31 14 64
14 32 94
32 14 94
14 33 78
33 14 78
14 34 71
34 14 71
14 35 57
35 14 57
14 36 53
36 14 53
14 37 75
37 14 75
14 38 39
38 14 39
14 39 15
39 14 15
14 40 53
40 14 53
14 41 4
41 14 4
14 42 10
42 14 10
14 43 19
43 14 19
14 44 90
44 14 90
14 45 43
45 14 43
14 46 30
46 14 30
14 47 69
47 14 69
14 48 14
48 14 14
14 49 12
49 14 12
14 50 90
50 14 90
14 51 33
51 14 33
14 52 46
52 14 46
14 53 47
53 14 47
14 54 76
54 14 76
14 55 53
55 14 53
14 56 37
56 14 37
14 57 16
57 14 16
14 58 16
58 14 16
14 59 86
59 14 86
14 60 55
60 14 55
14 61 61
61 14 61
14 62 49
62 14 49
14 63 49
63 14 49
14 64 38
64 14 38
14 65 19
65 14 19
14 66 57
66 14 57
14 67 42
67 14 42
14 68 46
68 14 46
14 69 96
69 14 96
14 70 57
70 14 57
14 71 98
71 14 98
14 72 99
72 14 99
14 73 18
73 14 18
14 74 68
74 14 68
14 75 40
75 14 40
14 76 60
76 14 60
14 77 97
77 14 97
14 78 9
78 14 9
14 79 25
79 14 25
14 80 60
80 14 60
14 81 50
81 14 50
14 82 57
82 14 57
14 83 6
83 14 6
14 84 96
84 14 96
14 85 84
85 14 84
14 86 10
86 14 10
14 87 32
87 14 32
14 88 99
88 14 99
14 89 25
89 14 25
14 90 17
90 14 17
14 91 54
91 14 54
14 92 85
92 14 85
14 93 18
93 14 18
14 94 54
94 14 54
14 95 74
95 14 74
14 96 88
96 14 88
14 97 62
97 14 62
14 98 68
98 14 68
14 99 33
99 14 33
15 16 9
16 15 9
15 17 24
17 15 24
15 18 83
18 15 83
15 19 59
19 15 59
15 20 93
20 15 93
15 21 50
21 15 50
15 22 99
22 15 99
15 23 4
23 15 4
15 24 99
24 15 99
15 25 59
25 15 59
15 26 29
26 15 29
15 27 58
27 15 58
15 28 8
28 15 8
15 29 37
29 15 37
15 30 63
30 15 63
15 31 4
31 15 4
15 32 21
32 15 21
15 33 24
33 15 24
15 34 35
34 15 35
15 35 71
35 15 71
15 36 49
36 15 49
15 37 4
37 15 4
15 38 76
38 15 76
15 39 85
39 15 85
15 40 73
40 15 73
15 41 81
41 15 81
15 42 11
42 15 11
15 43 12
43 15 12
15 44 43
44 15 43
15 45 78
45 15 78
15 46 97
46 15 97
15 47 51
47 15 51
15 48 53
48 15 53
15 49 31
49 15 31
15 50 62
50 15 62
15 51 97
51 15 97
15 52 80
52 15 80
15 53 60
53 15 60
15 54 100
54 15 100
15 55 78
55 15 78
15 56 70
56 15 70
15 57 80
57 15 80
15 58 88
58 15 88
15 59 77
59 15 77
15 60 17
60 15 17
15 61 2
61 15 2
15 62 32
62 15 32
15 63 89
63 15 89
15 64 26
64 15 26
15 65 19
65 15 19
15 66 59
66 15 59
15 67 26
67 15 26
15 68 74
68 15 74
15 69 35
69 15 35
15 70 10
70 15 10
15 71 98
71 15 98
15 72 15
72 15 15
15 73 20
73 15 20
15 74 9
74 15 9
15 75 9
75 15 9
15 76 49
76 15 49
15 77 57
77 15 57
15 78 12
78 15 12
15 79 53
79 15 53
15 80 87
80 15 87
15 81 73
81 15 73
15 82 49
82 15 49
15 83 67
83 15 67
15 84 32
84 15 32
15 85 49
85 15 49
15 86 96
86 15 96
15 87 1
87 15 1
15 88 28
88 15 28
15 89 83
89 15 83
15 90 29
90 15 29
15 91 96
91 15 96
15 92 37
92 15 37
15 93 13
93 15 13
15 94 84
94 15 84
15 95 62
95 15 62
15 96 31
96 15 31
15 97 43
97 15 43
15 98 87
98 15 87
15 99 56
99 15 56
16 17 29
17 16 29
16 18 48
18 16 48
16 19 53
19 16 53
16 20 95
20 16 95
16 21 20
21 16 20
16 22 13
22 16 13
16 23 4
23 16 4
16 24 68
24 16 68
16 25 70
25 16 70
16 26 15
26 16 15
16 27 21
27 16 21
16 28 56
28 16 56
16 29 87
29 16 87
16 30 69
30 16 69
16 31 74
31 16 74
16 32 70
32 16 70
16 33 69
33 16 69
16 34 22
34 16 22
16 35 22
35 16 22
16 36 49
36 16 49
16 37 4
37 16 4
16 38 50
38 16 50
16 39 44
39 16 44
16 40 92
40 16 92
16 41 14
41 16 14
16 42 28
42 16 28
16 43 53
43 16 53
16 44 96
44 16 96
16 45 22
45 16 22
16 46 39
46 16 39
16 47 51
47 16 51
16 48 50
48 16 50
16 49 87
49 16 87
16 50 3
50 16 3
16 51 96
51 16 96
16 52 6
52 16 6
16 53 68
53 16 68
16 54 99
54 16 99
16 55 25
55 16 25
16 56 37
56 16 37
16 57 65
57 16 65
16 58 97
58 16 97
16 59 92
59 16 92
16 60 51
60 16 51
16 61 18
61 16 18
16 62 66
62 16 66
16 63 72
63 16 72
16 64 86
64 16 86
16 65 39
65 16 39
16 66 93
66 16 93
16 67 86
67 16 86
16 68 94
68 16 94
16 69 95
69 16 95
16 70 30
70 16 30
16 71 86
71 16 86
16 72 8
72 16 8
16 73 9
73 16 9
16 74 38
74 16 38
16 75 4
75 16 4
16 76 30
76 16 30
16 77 29
77 16 29
16 78 6
78 16 6
16 79 31
79 16 31
16 80 67
80 16 67
16 81 61
81 16 61
16 82 26
82 16 26
16 83 24
83 16 24
16 84 28
84 16 28
16 85 77
85 16 77
16 86 100
86 16 100
16 87 64
87 16 64
16 88 41
88 16 41
16 89 97
89 16 97
16 90 7
90 16 7
16 91 44
91 16 44
16 92 14
92 16 14
16 93 24
93 16 24
16 94 15
94 16 15
16 95 51
95 16 51
16 96 62
96 16 62
16 97 8
97 16 8
16 98 37
98 16 37
16 99 56
99 16 56
17 18 54
18 17 54
17 19 18
19 17 18
17 20 41
20 17 41
17 21 61
21 17 61
17 22 26
22 17 26
17 23 30
23 17 30
17 24 16
24 17 16
17 25 7
25 17 7
17 26 58
26 17 58
17 27 22
27 17 22
17 28 37
28 17 37
17 29 76
29 17 76
17 30 82
30 17 82
17 31 62
31 17 62
17 32 99
32 17 99
17 33 9
33 17 9
17 34 90
34 17 90
17 35 99
35 17 99
17 36 24
36 17 24
17 37 31
37 17 31
17 38 95
38 17 95
17 39 30
39 17 30
17 40 74
40 17 74
17 41 60
41 17 60
17 42 54
42 17 54
17 43 40
43 17 40
17 44 10
44 17 10
17 45 67
45 17 67
17 46 47
46 17 47
17 47 98
47 17 98
17 48 22
48 17 22
17 49 100
49 17 100
17 50 15
50 17 15
17 51 14
51 17 14
17 52 13
52 17 13
17 53 92
53 17 92
17 54 44
54 17 44
17 55 28
55 17 28
17 56 98
56 17 98
17 57 1
57 17 1
17 58 1
58 17 1
17 59 86
59 17 86
17 60 77
60 17 77
17 61 82
61 17 82
17 62 100
62 17 100
17 63 27
63 17 27
17 64 42
64 17 42
17 65 89
65 17 89
17 66 25
66 17 25
17 67 17
67 17 17
17 68 19
68 17 19
17 69 71
69 17 71
17 70 47
70 17 47
17 71 44
71 17 44
17 72 82
72 17 82
17 73 52
73 17 52
17 74 84
74 17 84
17 75 44
75 17 44
17 76 70
76 17 70
17 77 82
77 17 82
17 78 41
78 17 41
17 79 92
79 17 92
17 80 34
80 17 34
17 81 8
81 17 8
17 82 5
82 17 5
17 83 46
83 17 46
17 84 51
84 17 51
17 85 100
85 17 100
17 86 25
86 17 25
17 87 49
87 17 49
17 88 1
88 17 1
17 89 26
89 17 26
17 90 86
90 17 86
17 91 29
91 17 29
17 92 59
92 17 59
17 93 85
93 17 85
17 94 7
94 17 7
17 95 53
95 17 53
17 96 74
96 17 74
17 97 32
97 17 32
17 98 69
98 17 69
17 99 44
99 17 44
18 19 54
19 18 54
18 20 67
20 18 67
18 21 40
21 18 40
18 22 88
22 18 88
18 23 70
23 18 70
18 24 23
24 18 23
18 25 31
25 18 31
18 26 40
26 18 40
18 27 56
27 18 56
18 28 71
28 18 71
18 29 83
29 18 83
18 30 89
30 18 89
18 31 30
31 18 30
18 32 39
32 18 39
18 33 34
33 18 34
18 34 81
34 18 81
18 35 39
35 18 39
18 36 11
36 18 11
18 37 81
37 18 81
18 38 91
38 18 91
18 39 36
39 18 36
18 40 66
40 18 66
18 41 71
41 18 71
18 42 46
42 18 46
18 43 51
43 18 51
18 44 77
44 18 77
18 45 50
45 18 50
18 46 76
46 18 76
18 47 60
47 18 60
18 48 71
48 18 71
18 49 71
49 18 71
18 50 66
50 18 66
18 51 89
51 18 89
18 52 10
52 18 10
18 53 53
53 18 53
18 54 59
54 18 59
18 55 84
55 18 84
18 56 83
56 18 83
18 57 50
57 18 50
18 58 40
58 18 40
18 59 53
59 18 53
18 60 84
60 18 84
18 61 28
61 18 28
18 62 35
62 18 35
18 63 22
63 18 22
18 64 62
64 18 62
18 65 15
65 18 15
18 66 12
66 18 12
18 67 24
67 18 24
18 68 95
68 18 95
18 69 2
69 18 2
18 70 11
70 18 11
18 71 60
71 18 60
18 72 72
72 18 72
18 73 56
73 18 56
18 74 62
74 18 62
18 75 1
75 18 1
18 76 58
76 18 58
18 77 37
77 18 37
18 78 60
78 18 60
18 79 28
79 18 28
18 80 8
80 18 8
18 81 25
81 18 25
18 82 16
82 18 16
18 83 69
83 18 69
18 84 77
84 18 77
18 85 26
85 18 26
18 86 53
86 18 53
18 87 59
87 18 59
18 88 27
88 18 27
18 89 92
89 18 92
18 90 64
90 18 64
18 91 10
91 18 10
18 92 19
92 18 19
18 93 50
93 18 50
18 94 32
94 18 32
18 95 32
95 18 32
18 96 64
96 18 64
18 97 95
97 18 95
18 98 55
98 18 55
18 99 10
99 18 10
19 20 97
20 19 97
19 21 65
21 19 65
19 22 69
22 19 69
19 23 20
23 19 20
19 24 73
24 19 73
19 25 83
25 19 83
19 26 20
26 19 20
19 27 30
27 19 30
19 28 19
28 19 19
19 29 32
29 19 32
19 30 9
30 19 9
19 31 78
31 19 78
19 32 8
32 19 8
19 33 76
33 19 76
19 34 47
34 19 47
19 35 85
35 19 85
19 36 2
36 19 2
19 37 99
37 19 99
19 38 95
38 19 95
19 39 28
39 19 28
19 40 42
40 19 42
19 41 10
41 19 10
19 42 38
42 19 38
19 43 60
43 19 60
19 44 59
44 19 59
19 45 21
45 19 21
19 46 92
46 19 92
19 47 74
47 19 74
19 48 15
48 19 15
19 49 98
49 19 98
19 50 83
50 19 83
19 51 63
51 19 63
19 52 15
52 19 15
19 53 4
53 19 4
19 54 35
54 19 35
19 55 87
55 19 87
19 56 86
56 19 86
19 57 6
57 19 6
19 58 68
58 19 68
19 59 56
59 19 56
19 60 37
60 19 37
19 61 28
61 19 28
19 62 34
62 19 34
19 63 45
63 19 45
19 64 3
64 19 3
19 65 32
65 19 32
19 66 81
66 19 81
19 67 56
67 19 56
19 68 82
68 19 82
19 69 75
69 19 75
19 70 36
70 19 36
19 71 23
71 19 23
19 72 37
72 19 37
19 73 25
73 19 25
19 74 34
74 19 34
19 75 95
75 19 95
19 76 45
76 19 45
19 77 77
77 19 77
19 78 21
78 19 21
19 79 11
79 19 11
19 80 75
80 19 75
19 81 3
81 19 3
19 82 26
82 19 26
19 83 89
83 19 89
19 84 6
84 19 6
19 85 60
85 19 60
19 86 27
86 19 27
19 87 91
87 19 91
19 88 65
88 19 65
19 89 46
89 19 46
19 90 47
90 19 47
19 91 54
91 19 54
19 92 73
92 19 73
19 93 32
93 19 32
19 94 98
94 19 98
19 95 27
95 19 27
19 96 63
96 19 63
19 97 30
97 19 30
19 98 83
98 19 83
19 99 96
99 19 96
20 21 56
21 20 56
20 22 18
22 20 18
20 23 18
23 20 18
20 24 92
24 20 92
20 25 42
25 20 42
20 26 3
26 20 3
20 27 39
27 20 39
20 28 38
28 20 38
20 29 80
29 20 80
20 30 59
30 20 59
20 31 48
31 20 48
20 32 54
32 20 54
20 33 61
33 20 61
20 34 25
34 20 25
20 35 42
35 20 42
20 36 19
36 20 19
20 37 84
37 20 84
20 38 20
38 20 20
20 39 9
39 20 9
20 40 49
40 20 49
20 41 65
41 20 65
20 42 7
42 20 7
20 43 54
43 20 54
20 44 37
44 20 37
20 45 38
45 20 38
20 46 3
46 20 3
20 47 63
47 20 63
20 48 52
48 20 52
20 49 32
49 20 32
20 50 97
50 20 97
20 51 99
51 20 99
20 52 39
52 20 39
20 53 14
53 20 14
20 54 16
54 20 16
20 55 31
55 20 31
20 56 7
56 20 7
20 57 71
57 20 71
20 58 21
58 20 21
20 59 44
59 20 44
20 60 50
60 20 50
20 61 31
61 20 31
20 62 44
62 20 44
20 63 3
63 20 3
20 64 91
64 20 91
20 65 20
65 20 20
20 66 96
66 20 96
20 67 61
67 20 61
20 68 4
68 20 4
20 69 15
69 20 15
20 70 22
70 20 22
20 71 4
71 20 4
20 72 79
72 20 79
20 73 28
73 20 28
20 74 57
74 20 57
20 75 67
75 20 67
20 76 18
76 20 18
20 77 59
77 20 59
20 78 81
78 20 81
20 79 21
79 20 21
20 80 42
80 20 42
20 81 78
81 20 78
20 82 20
82 20 20
20 83 80
83 20 80
20 84 43
84 20 43
20 85 87
85 20 87
20 86 62
86 20 62
20 87 2
87 20 2
20 88 57
88 20 57
20 89 82
89 20 82
20 90 97
90 20 97
20 91 6
91 20 6
20 92 12
92 20 12
20 93 40
93 20 40
20 94 60
94 20 60
20 95 55
95 20 55
20 96 60
96 20 60
20 97 55
97 20 55
20 98 15
98 20 15
20 99 15
99 20 15
21 22 21
22 21 21
21 23 88
23 21 88
21 24 18
24 21 18
21 25 51
25 21 51
21 26 16
26 21 16
21 27 26
27 21 26
21 28 17
28 21 17
21 29 85
29 21 85
21 30 36
30 21 36
21 31 50
31 21 50
21 32 5
32 21 5
21 33 29
33 21 29
21 34 79
34 21 79
21 35 24
35 21 24
21 36 8
36 21 8
21 37 21
37 21 21
21 38 63
38 21 63
21 39 22
39 21 22
21 40 22
40 21 22
21 41 19
41 21 19
21 42 3
42 21 3
21 43 19
43 21 19
21 44 77
44 21 77
21 45 67
45 21 67
21 46 10
46 21 10
21 47 36
47 21 36
21 48 73
48 21 73
21 49 21
49 21 21
21 50 91
50 21 91
21 51 39
51 21 39
21 52 87
52 21 87
21 53 11
53 21 11
21 54 27
54 21 27
21 55 4
55 21 4
21 56 14
56 21 14
21 57 42
57 21 42
21 58 81
58 21 81
21 59 82
59 21 82
21 60 78
60 21 78
21 61 16
61 21 16
21 62 31
62 21 31
21 63 82
63 21 82
21 64 44
64 21 44
21 65 9
65 21 9
21 66 58
66 21 58
21 67 4
67 21 4
21 68 30
68 21 30
21 69 20
69 21 20
21 70 25
70 21 25
21 71 3
71 21 3
21 72 90
72 21 90
21 73 79
73 21 79
21 74 73
74 21 73
21 75 66
75 21 66
21 76 45
76 21 45
21 77 83
77 21 83
21 78 54
78 21 54
21 79 69
79 21 69
21 80 55
80 21 55
21 81 44
81 21 44
21 82 8
82 21 8
21 83 42
83 21 42
21 84 6
84 21 6
21 85 34
85 21 34
21 86 97
86 21 97
21 87 71
87 21 71
21 88 27
88 21 27
21 89 78
89 21 78
21 90 53
90 21 53
21 91 4
91 21 4
21 92 45
92 21 45
21 93 83
93 21 83
21 94 85
94 21 85
21 95 41
95 21 41
21 96 92
96 21 92
21 97 94
97 21 94
21 98 44
98 21 44
21 99 73
99 21 73
22 23 65
23 22 65
22 24 20
24 22 20
22 25 27
25 22 27
22 26 55
26 22 55
22 27 98
27 22 98
22 28 100
28 22 100
22 29 72
29 22 72
22 30 95
30 22 95
22 31 34
31 22 34
22 32 25
32 22 25
22 33 63
33 22 63
22 34 40
34 22 40
22 35 20
35 22 20
22 36 70
36 22 70
22 37 81
37 22 81
22 38 78
38 22 78
22 39 55
39 22 55
22 40 30
40 22 30
22 41 48
41 22 48
22 42 81
42 22 81
22 43 59
43 22 59
22 44 100
44 22 100
22 45 84
45 22 84
22 46 3
46 22 3
22 47 35
47 22 35
22 48 21
48 22 21
22 49 95
49 22 95
22 50 26
50 22 26
22 51 14
51 22 14
22 52 90
52 22 90
22 53 50
53 22 50
22 54 79
54 22 79
22 55 9
55 22 9
22 56 28
56 22 28
22 57 85
57 22 85
22 58 7
58 22 7
22 59 27
59 22 27
22 60 8
60 22 8
22 61 53
61 22 53
22 62 12
62 22 12
22 63 85
63 22 85
22 64 15
64 22 15
22 65 52
65 22 52
22 66 4
66 22 4
22 67 37
67 22 37
22 68 84
68 22 84
22 69 33
69 22 33
22 70 91
70 22 91
22 71 65
71 22 65
22 72 81
72 22 81
22 73 72
73 22 72
22 74 23
74 22 23
22 75 32
75 22 32
22 76 55
76 22 55
22 77 78
77 22 78
22 78 66
78 22 66
22 79 27
79 22 27
22 80 72
80 22 72
22 81 43
81 22 43
22 82 41
82 22 41
22 83 62
83 22 62
22 84 44
84 22 44
22 85 71
85 22 71
22 86 22
86 22 22
22 87 72
87 22 72
22 88 7
88 22 7
22 89 80
89 22 80
22 90 98
90 22 98
22 91 14
91 22 14
22 92 32
92 22 32
22 93 62
93 22 62
22 94 98
94 22 98
22 95 47
95 22 47
22 96 65
96 22 65
22 97 54
97 22 54
22 98 35
98 22 35
22 99 100
99 22 100
23 24 86
24 23 86
23 25 25
25 23 25
23 26 65
26 23 65
23 27 18
27 23 18
23 28 96
28 23 96
23 29 87
29 23 87
23 30 50
30 23 50
23 31 3
31 23 3
23 32 16
32 23 16
23 33 67
33 23 67
23 34 81
34 23 81
23 35 88
35 23 88
23 36 10
36 23 10
23 37 73
37 23 73
23 38 1
38 23 1
23 39 53
39 23 53
23 40 43
40 23 43
23 41 22
41 23 22
23 42 24
42 23 24
23 43 1
43 23 1
23 44 54
44 23 54
23 45 74
45 23 74
23 46 15
46 23 15
23 47 85
47 23 85
23 48 87
48 23 87
23 49 64
49 23 64
23 50 83
50 23 83
23 51 51
51 23 51
23 52 17
52 23 17
23 53 17
53 23 17
23 54 50
54 23 50
23 55 55
55 23 55
23 56 42
56 23 42
23 57 66
57 23 66
23 58 72
58 23 72
23 59 89
59 23 89
23 60 53
60 23 53
23 61 73
61 23 73
23 62 43
62 23 43
23 63 20
63 23 20
23 64 40
64 23 40
23 65 24
65 23 24
23 66 7
66 23 7
23 67 1
67 23 1
23 68 96
68 23 96
23 69 59
69 23 59
23 70 5
70 23 5
23 71 91
71 23 91
23 72 33
72 23 33
23 73 81
73 23 81
23 74 91
74 23 91
23 75 86
75 23 86
23 76 6
76 23 6
23 77 57
77 23 57
23 78 22
78 23 22
23 79 92
79 23 92
23 80 21
80 23 21
23 81 5
81 23 5
23 82 94
82 23 94
23 83 89
83 23 89
23 84 21
84 23 21
23 85 95
85 23 95
23 86 43
86 23 43
23 87 14
87 23 14
23 88 61
88 23 61
23 89 15
89 23 15
23 90 3
90 23 3
23 91 65
91 23 65
23 92 87
92 23 87
23 93 97
93 23 97
23 94 84
94 23 84
23 95 78
95 23 78
23 96 72
96 23 72
23 97 43
97 23 43
23 98 30
98 23 30
23 99 68
99 23 68
24 25 1
25 24 1
24 26 35
26 24 35
24 27 10
27 24 10
24 28 85
28 24 85
24 29 67
29 24 67
24 30 52
30 24 52
24 31 22
31 24 22
24 32 72
32 24 72
24 33 9
33 24 9
24 34 44
34 24 44
24 35 15
35 24 15
24 36 81
36 24 81
24 37 48
37 24 48
24 38 8
38 24 8
24 39 69
39 24 69
24 40 20
40 24 20
24 41 54
41 24 54
24 42 12
42 24 12
24 43 34
43 24 34
24 44 14
44 24 14
24 45 26
45 24 26
24 46 88
46 24 88
24 47 78
47 24 78
24 48 64
48 24 64
24 49 84
49 24 84
24 50 62
50 24 62
24 51 94
51 24 94
24 52 56
52 24 56
24 53 56
53 24 56
24 54 23
54 24 23
24 55 75
55 24 75
24 56 56
56 24 56
24 57 9
57 24 9
24 58 36
58 24 36
24 59 93
59 24 93
24 60 75
60 24 75
24 61 87
61 24 87
24 62 14
62 24 14
24 63 98
63 24 98
24 64 95
64 24 95
24 65 9
65 24 9
24 66 12
66 24 12
24 67 75
67 24 75
24 68 56
68 24 56
24 69 71
69 24 71
24 70 44
70 24 44
24 71 28
71 24 28
24 72 25
72 24 25
24 73 55
73 24 55
24 74 61
74 24 61
24 75 90
75 24 90
24 76 32
76 24 32
24 77 100
77 24 100
24 78 68
78 24 68
24 79 95
79 24 95
24 80 35
80 24 35
24 81 81
81 24 81
24 82 40
82 24 40
24 83 42
83 24 42
24 84 36
84 24 36
24 85 63
85 24 63
24 86 16
86 24 16
24 87 43
87 24 43
24 88 71
88 24 71
24 89 51
89 24 51
24 90 87
90 24 87
24 91 98
91 24 98
24 92 90
92 24 90
24 93 53
93 24 53
24 94 95
94 24 95
24 95 36
95 24 36
24 96 61
96 24 61
24 97 59
97 24 59
24 98 11
98 24 11
24 99 69
99 24 69
25 26 29
26 25 29
25 27 6
27 25 6
25 28 96
28 25 96
25 29 5
29 25 5
25 30 12
30 25 12
25 31 8
31 25 8
25 32 47
32 25 47
25 33 95
33 25 95
25 34 7
34 25 7
25 35 66
35 25 66
25 36 41
36 25 41
25 37 41
37 25 41
25 38 46
38 25 46
25 39 81
39 25 81
25 40 83
40 25 83
25 41 33
41 25 33
25 42 43
42 25 43
25 43 50
43 25 50
25 44 27
44 25 27
25 45 65
45 25 65
25 46 53
46 25 53
25 47 66
47 25 66
25 48 62
48 25 62
25 49 42
49 25 42
25 50 18
50 25 18
25 51 9
51 25 9
25 52 77
52 25 77
25 53 30
53 25 30
25 54 67
54 25 67
25 55 39
55 25 39
25 56 98
56 25 98
25 57 47
57 25 47
25 58 96
58 25 96
25 59 45
59 25 45
25 60 4
60 25 4
25 61 7
61 25 7
25 62 52
62 25 52
25 63 50
63 25 50
25 64 53
64 25 53
25 65 58
65 25 58
25 66 15
66 25 15
25 67 94
67 25 94
25 68 51
68 25 51
25 69 12
69 25 12
25 70 74
70 25 74
25 71 33
71 25 33
25 72 96
72 25 96
25 73 68
73 25 68
25 74 82
74 25 82
25 75 74
75 25 74
25 76 32
76 25 32
25 77 34
77 25 34
25 78 39
78 25 39
25 79 46
79 25 46
25 80 27
80 25 27
25 81 8
81 25 8
25 82 6
82 25 6
25 83 4
83 25 4
25 84 38
84 25 38
25 85 24
85 25 24
25 86 94
86 25 94
25 87 35
87 25 35
25 88 70
88 25 70
25 89 90
89 25 90
25 90 80
90 25 80
25 91 25
91 25 25
25 92 96
92 25 96
25 93 83
93 25 83
25 94 26
94 25 26
25 95 49
95 25 49
25 96 93
96 25 93
25 97 92
97 25 92
25 98 94
98 25 94
25 99 43
99 25 43
26 27 3
27 26 3
26 28 67
28 26 67
26 29 75
29 26 75
26 30 50
30 26 50
26 31 34
31 26 34
26 32 8
32 26 8
26 33 24
33 26 24
26 34 17
34 26 17
26 35 94
35 26 94
26 36 14
36 26 14
26 37 14
37 26 14
26 38 20
38 26 20
26 39 22
39 26 22
26 40 19
40 26 19
26 41 75
41 26 75
26 42 59
42 26 59
26 43 94
43 26 94
26 44 69
44 26 69
26 45 45
45 26 45
26 46 16
46 26 16
26 47 58
47 26 58
26 48 76
48 26 76
26 49 40
49 26 40
26 50 5
50 26 5
26 51 59
51 26 59
26 52 66
52 26 66
26 53 5
53 26 5
26 54 51
54 26 51
26 55 9
55 26 9
26 56 98
56 26 98
26 57 93
57 26 93
26 58 12
58 26 12
26 59 16
59 26 16
26 60 19
60 26 19
26 61 13
61 26 13
26 62 49
62 26 49
26 63 26
63 26 26
26 64 88
64 26 88
26 65 18
65 26 18
26 66 71
66 26 71
26 67 2
67 26 2
26 68 83
68 26 83
26 69 91
69 26 91
26 70 23
70 26 23
26 71 54
71 26 54
26 72 65
72 26 65
26 73 33
73 26 33
26 74 47
74 26 47
26 75 85
75 26 85
26 76 77
76 26 77
26 77 62
77 26 62
26 78 42
78 26 42
26 79 53
79 26 53
26 80 54
80 26 54
26 81 99
81 26 99
26 82 63
82 26 63
26 83 19
83 26 19
26 84 3
84 26 3
26 85 65
85 26 65
26 86 27
86 26 27
26 87 1
87 26 1
26 88 9
88 26 9
26 89 90
89 26 90
26 90 68
90 26 68
26 91 27
91 26 27
26 92 55
92 26 55
26 93 69
93 26 69
26 94 4
94 26 4
26 95 42
95 26 42
26 96 86
96 26 86
26 97 75
97 26 75
26 98 43
98 26 43
26 99 68
99 26 68
27 28 17
28 27 17
27 29 17
29 27 17
27 30 73
30 27 73
27 31 33
31 27 33
27 32 49
32 27 49
27 33 20
33 27 20
27 34 18
34 27 18
27 35 26
35 27 26
27 36 81
36 27 81
27 37 11
37 27 11
27 38 30
38 27 30
27 39 34
39 27 34
27 40 9
40 27 9
27 41 44
41 27 44
27 42 4
42 27 4
27 43 12
43 27 12
27 44 8
44 27 8
27 45 83
45 27 83
27 46 64
46 27 64
27 47 68
47 27 68
27 48 24
48 27 24
27 49 31
49 27 31
27 50 94
50 27 94
27 51 78
51 27 78
27 52 99
52 27 99
27 53 49
53 27 49
27 54 20
54 27 20
27 55 36
55 27 36
27 56 75
56 27 75
27 57 14
57 27 14
27 58 56
58 27 56
27 59 43
59 27 43
27 60 31
60 27 31
27 61 28
61 27 28
27 62 76
62 27 76
27 63 79
63 27 79
27 64 47
64 27 47
27 65 45
65 27 45
27 66 56
66 27 56
27 67 80
67 27 80
27 68 55
68 27 55
27 69 37
69 27 37
27 70 13
70 27 13
27 71 64
71 27 64
27 72 80
72 27 80
27 73 69
73 27 69
27 74 75
74 27 75
27 75 39
75 27 39
27 76 3
76 27 3
27 77 90
77 27 90
27 78 6
78 27 6
27 79 26
79 27 26
27 80 72
80 27 72
27 81 51
81 27 51
27 82 56
82 27 56
27 83 71
83 27 71
27 84 52
84 27 52
27 85 75
85 27 75
27 86 58
86 27 58
27 87 78
87 27 78
27 88 40
88 27 40
27 89 13
89 27 13
27 90 21
90 27 21
27 91 70
91 27 70
27 92 41
92 27 41
27 93 96
93 27 96
27 94 1
94 27 1
27 95 39
95 27 39
27 96 40
96 27 40
27 97 8
97 27 8
27 98 18
98 27 18
27 99 46
99 27 46
28 29 45
29 28 45
28 30 83
30 28 83
28 31 9
31 28 9
28 32 76
32 28 76
28 33 3
33 28 3
28 34 35
34 28 35
28 35 15
35 28 15
28 36 5
36 28 5
28 37 24
37 28 24
28 38 72
38 28 72
28 39 82
39 28 82
28 40 48
40 28 48
28 41 23
41 28 23
28 42 37
42 28 37
28 43 18
43 28 18
28 44 26
44 28 26
28 45 63
45 28 63
28 46 27
46 28 27
28 47 3
47 28 3
28 48 3
48 28 3
28 49 40
49 28 40
28 50 23
50 28 23
28 51 24
51 28 24
28 52 32
52 28 32
28 53 70
53 28 70
28 54 24
54 28 24
28 55 70
55 28 70
28 56 61
56 28 61
28 57 32
57 28 32
28 58 40
58 28 40
28 59 7
59 28 7
28 60 28
60 28 28
28 61 74
61 28 74
28 62 15
62 28 15
28 63 3
63 28 3
28 64 76
64 28 76
28 65 2
65 28 2
28 66 17
66 28 17
28 67 32
67 28 32
28 68 77
68 28 77
28 69 41
69 28 41
28 70 13
70 28 13
28 71 24
71 28 24
28 72 63
72 28 63
28 73 50
73 28 50
28 74 93
74 28 93
28 75 88
75 28 88
28 76 64
76 28 64
28 77 20
77 28 20
28 78 42
78 28 42
28 79 66
79 28 66
28 80 59
80 28 59
28 81 65
81 28 65
28 82 90
82 28 90
28 83 42
83 28 42
28 84 34
84 28 34
28 85 65
85 28 65
28 86 63
86 28 63
28 87 47
87 28 47
28 88 48
88 28 48
28 89 2
89 28 2
28 90 53
90 28 53
28 91 75
91 28 75
28 92 27
92 28 27
28 93 19
93 28 19
28 94 78
94 28 78
28 95 54
95 28 54
28 96 20
96 28 20
28 97 46
97 28 46
28 98 85
98 28 85
28 99 97
99 28 97
29 30 38
30 29 38
29 31 50
31 29 50
29 32 20
32 29 20
29 33 100
33 29 100
29 34 51
34 29 51
29 35 65
35 29 65
29 36 39
36 29 39
29 37 14
37 29 14
29 38 84
38 29 84
29 39 81
39 29 81
29 40 32
40 29 32
29 41 94
41 29 94
29 42 97
42 29 97
29 43 21
43 29 21
29 44 35
44 29 35
29 45 82
45 29 82
29 46 37
46 29 37
29 47 97
47 29 97
29 48 28
48 29 28
29 49 85
49 29 85
29 50 51
50 29 51
29 51 32
51 29 32
29 52 11
52 29 11
29 53 29
53 29 29
29 54 51
54 29 51
29 55 40
55 29 40
29 56 83
56 29 83
29 57 70
57 29 70
29 58 38
58 29 38
29 59 19
59 29 19
29 60 18
60 29 18
29 61 75
61 29 75
29 62 68
62 29 68
29 63 90
63 29 90
29 64 27
64 29 27
29 65 18
65 29 18
29 66 54
66 29 54
29 67 17
67 29 17
29 68 84
68 29 84
29 69 89
69 29 89
29 70 49
70 29 49
29 71 15
71 29 15
29 72 82
72 29 82
29 73 45
73 29 45
29 74 87
74 29 87
29 75 16
75 29 16
29 76 27
76 29 27
29 77 23
77 29 23
29 78 64
78 29 64
29 79 6
79 29 6
29 80 59
80 29 59
29 81 66
81 29 66
29 82 38
82 29 38
29 83 22
83 29 22
29 84 95
84 29 95
29 85 88
85 29 88
29 86 61
86 29 61
29 87 77
87 29 77
29 88 9
88 29 9
29 89 50
89 29 50
29 90 47
90 29 47
29 91 79
91 29 79
29 92 25
92 29 25
29 93 15
93 29 15
29 94 68
94 29 68
29 95 3
95 29 3
29 96 84
96 29 84
29 97 73
97 29 73
29 98 19
98 29 19
29 99 67
99 29 67
30 31 61
31 30 61
30 32 68
32 30 68
30 33 33
33 30 33
30 34 42
34 30 42
30 35 12
35 30 12
30 36 19
36 30 19
30 37 9
37 30 9
30 38 90
38 30 90
30 39 94
39 30 94
30 40 24
40 30 24
30 41 48
41 30 48
30 42 4
42 30 4
30 43 90
43 30 90
30 44 85
44 30 85
30 45 25
45 30 25
30 46 36
46 30 36
30 47 24
47 30 24
30 48 38
48 30 38
30 49 64
49 30 64
30 50 84
50 30 84
30 51 87
51 30 87
30 52 10
52 30 10
30 53 62
53 30 62
30 54 63
54 30 63
30 55 76
55 30 76
30 56 81
56 30 81
30 57 65
57 30 65
30 58 60
58 30 60
30 59 53
59 30 53
30 60 84
60 30 84
30 61 78
61 30 78
30 62 65
62 30 65
30 63 3
63 30 3
30 64 63
64 30 63
30 65 58
65 30 58
30 66 66
66 30 66
30 67 81
67 30 81
30 68 18
68 30 18
30 69 8
69 30 8
30 70 74
70 30 74
30 71 42
71 30 42
30 72 55
72 30 55
30 73 78
73 30 78
30 74 83
74 30 83
30 75 91
75 30 91
30 76 54
76 30 54
30 77 18
77 30 18
30 78 66
78 30 66
30 79 91
79 30 91
30 80 81
80 30 81
30 81 49
81 30 49
30 82 30
82 30 30
30 83 90
83 30 90
30 84 63
84 30 63
30 85 92
85 30 92
30 86 66
86 30 66
30 87 95
87 30 95
30 88 9
88 30 9
30 89 77
89 30 77
30 90 48
90 30 48
30 91 44
91 30 44
30 92 6
92 30 6
30 93 64
93 30 64
30 94 46
94 30 46
30 95 68
95 30 68
30 96 22
96 30 22
30 97 11
97 30 11
30 98 1
98 30 1
30 99 39
99 30 39
31 32 70
32 31 70
31 33 26
33 31 26
31 34 80
34 31 80
31 35 24
35 31 24
31 36 3
36 31 3
31 37 14
37 31 14
31 38 66
38 31 66
31 39 9
39 31 9
31 40 31
40 31 31
31 41 31
41 31 31
31 42 99
42 31 99
31 43 63
43 31 63
31 44 32
44 31 32
31 45 80
45 31 80
31 46 53
46 31 53
31 47 46
47 31 46
31 48 72
48 31 72
31 49 70
49 31 70
31 50 40
50 31 40
31 51 32
51 31 32
31 52 98
52 31 98
31 53 39
53 31 39
31 54 75
54 31 75
31 55 3
55 31 3
31 56 3
56 31 3
31 57 72
57 31 72
31 58 23
58 31 23
31 59 76
59 31 76
31 60 34
60 31 34
31 61 23
61 31 23
31 62 14
62 31 14
31 63 4
63 31 4
31 64 48
64 31 48
31 65 46
65 31 46
31 66 79
66 31 79
31 67 3
67 31 3
31 68 59
68 31 59
31 69 97
69 31 97
31 70 63
70 31 63
31 71 42
71 31 42
31 72 79
72 31 79
31 73 61
73 31 61
31 74 4
74 31 4
31 75 10
75 31 10
31 76 93
76 31 93
31 77 8
77 31 8
31 78 7
78 31 7
31 79 16
79 31 16
31 80 77
80 31 77
31 81 47
81 31 47
31 82 47
82 31 47
31 83 74
83 31 74
31 84 37
84 31 37
31 85 73
85 31 73
31 86 29
86 31 29
31 87 91
87 31 91
31 88 44
88 31 44
31 89 3
89 31 3
31 90 66
90 31 66
31 91 77
91 31 77
31 92 77
92 31 77
31 93 80
93 31 80
31 94 32
94 31 32
31 95 24
95 31 24
31 96 77
96 31 77
31 97 11
97 31 11
31 98 78
98 31 78
31 99 87
99 31 87
32 33 7
33 32 7
32 34 40
34 32 40
32 35 28
35 32 28
32 36 85
36 32 85
32 37 53
37 32 53
32 38 32
38 32 32
32 39 47
39 32 47
32 40 45
40 32 45
32 41 39
41 32 39
32 42 5
42 32 5
32 43 60
43 32 60
32 44 68
44 32 68
32 45 3
45 32 3
32 46 58
46 32 58
32 47 93
47 32 93
32 48 40
48 32 40
32 49 30
49 32 30
32 50 73
50 32 73
32 51 30
51 32 30
32 52 73
52 32 73
32 53 75
53 32 75
32 54 48
54 32 48
32 55 1
55 32 1
32 56 51
56 32 51
32 57 27
57 32 27
32 58 33
58 32 33
32 59 27
59 32 27
32 60 55
60 32 55
32 61 95
61 32 95
32 62 56
62 32 56
32 63 41
63 32 41
32 64 53
64 32 53
32 65 96
65 32 96
32 66 69
66 32 69
32 67 89
67 32 89
32 68 100
68 32 100
32 69 52
69 32 52
32 70 87
70 32 87
32 71 96
71 32 96
32 72 42
72 32 42
32 73 92
73 32 92
32 74 7
74 32 7
32 75 61
75 32 61
32 76 94
76 32 94
32 77 64
77 32 64
32 78 54
78 32 54
32 79 85
79 32 85
32 80 93
80 32 93
32 81 78
81 32 78
32 82 15
82 32 15
32 83 65
83 32 65
32 84 53
84 32 53
32 85 62
85 32 62
32 86 17
86 32 17
32 87 55
87 32 55
32 88 40
88 32 40
32 89 49
89 32 49
32 90 81
90 32 81
32 91 46
91 32 46
32 92 95
92 32 95
32 93 89
93 32 89
32 94 86
94 32 86
32 95 47
95 32 47
32 96 84
96 32 84
32 97 6
97 32 6
32 98 36
98 32 36
32 99 35
99 32 35
33 34 57
34 33 57
33 35 22
35 33 22
33 36 30
36 33 30
33 37 51
37 33 51
33 38 65
38 33 65
33 39 36
39 33 36
33 40 11
40 33 11
33 41 59
41 33 59
33 42 99
42 33 99
33 43 16
43 33 16
33 44 43
44 33 43
33 45 43
45 33 43
33 46 94
46 33 94
33 47 9
47 33 9
33 48 59
48 33 59
33 49 98
49 33 98
33 50 22
50 33 22
33 51 75
51 33 75
33 52 52
52 33 52
33 53 61
53 33 61
33 54 24
54 33 24
33 55 85
55 33 85
33 56 6
56 33 6
33 57 70
57 33 70
33 58 73
58 33 73
33 59 44
59 33 44
33 60 17
60 33 17
33 61 8
61 33 8
33 62 49
62 33 49
33 63 4
63 33 4
33 64 42
64 33 42
33 65 58
65 33 58
33 66 77
66 33 77
33 67 23
67 33 23
33 68 8
68 33 8
33 69 42
69 33 42
33 70 10
70 33 10
33 71 70
71 33 70
33 72 100
72 33 100
33 73 60
73 33 60
33 74 86
74 33 86
33 75 94
75 33 94
33 76 2
76 33 2
33 77 79
77 33 79
33 78 3
78 33 3
33 79 60
79 33 60
33 80 76
80 33 76
33 81 76
81 33 76
33 82 34
82 33 34
33 83 79
83 33 79
33 84 37
84 33 37
33 85 9
85 33 9
33 86 63
86 33 63
33 87 94
87 33 94
33 88 79
88 33 79
33 89 35
89 33 35
33 90 89
90 33 89
33 91 47
91 33 47
33 92 94
92 33 94
33 93 38
93 33 38
33 94 50
94 33 50
33 95 35
95 33 35
33 96 47
96 33 47
33 97 26
97 33 26
33 98 9
98 33 9
33 99 54
99 33 54
34 35 19
35 34 19
34 36 18
36 34 18
34 37 23
37 34 23
34 38 18
38 34 18
34 39 77
39 34 77
34 40 60
40 34 60
34 41 64
41 34 64
34 42 30
42 34 30
34 43 38
43 34 38
34 44 18
44 34 18
34 45 89
45 34 89
34 46 65
46 34 65
34 47 93
47 34 93
34 48 75
48 34 75
34 49 44
49 34 44
34 50 81
50 34 81
34 51 83
51 34 83
34 52 58
52 34 58
34 53 75
53 34 75
34 54 13
54 34 13
34 55 45
55 34 45
34 56 15
56 34 15
34 57 59
57 34 59
34 58 38
58 34 38
34 59 52
59 34 52
34 60 8
60 34 8
34 61 25
61 34 25
34 62 50
62 34 50
34 63 86
63 34 86
34 64 33
64 34 33
34 65 3
65 34 3
34 66 4
66 34 4
34 67 51
67 34 51
34 68 78
68 34 78
34 69 74
69 34 74
34 70 79
70 34 79
34 71 37
71 34 37
34 72 37
72 34 37
34 73 9
73 34 9
34 74 27
74 34 27
34 75 54
75 34 54
34 76 49
76 34 49
34 77 43
77 34 43
34 78 98
78 34 98
34 79 23
79 34 23
34 80 38
80 34 38
34 81 79
81 34 79
34 82 6
82 34 6
34 83 96
83 34 96
34 84 5
84 34 5
34 85 70
85 34 70
34 86 40
86 34 40
34 87 19
87 34 19
34 88 29
88 34 29
34 89 29
89 34 29
34 90 23
90 34 23
34 91 88
91 34 88
34 92 53
92 34 53
34 93 72
93 34 72
34 94 25
94 34 25
34 95 86
95 34 86
34 96 27
96 34 27
34 97 29
97 34 29
34 98 88
98 34 88
34 99 56
99 34 56
35 36 54
36 35 54
35 37 66
37 35 66
35 38 44
38 35 44
35 39 90
39 35 90
35 40 26
40 35 26
35 41 22
41 35 22
35 42 95
42 35 95
35 43 75
43 35 75
35 44 65
44 35 65
35 45 44
45 35 44
35 46 97
46 35 97
35 47 2
47 35 2
35 48 22
48 35 22
35 49 54
49 35 54
35 50 49
50 35 49
35 51 26
51 35 26
35 52 24
52 35 24
35 53 40
53 35 40
35 54 97
54 35 97
35 55 4
55 35 4
35 56 69
56 35 69
35 57 19
57 35 19
35 58 43
58 35 43
35 59 21
59 35 21
35 60 42
60 35 42
35 61 68
61 35 68
35 62 6
62 35 6
35 63 68
63 35 68
35 64 96
64 35 96
35 65 45
65 35 45
35 66 23
66 35 23
35 67 49
67 35 49
35 68 11
68 35 11
35 69 67
69 35 67
35 70 90
70 35 90
35 71 88
71 35 88
35 72 40
72 35 40
35 73 36
73 35 36
35 74 62
74 35 62
35 75 4
75 35 4
35 76 79
76 35 79
35 77 11
77 35 11
35 78 58
78 35 58
35 79 53
79 35 53
35 80 16
80 35 16
35 81 58
81 35 58
35 82 78
82 35 78
35 83 91
83 35 91
35 84 98
84 35 98
35 85 74
85 35 74
35 86 94
86 35 94
35 87 18
87 35 18
35 88 44
88 35 44
35 89 37
89 35 37
35 90 38
90 35 38
35 91 86
91 35 86
35 92 4
92 35 4
35 93 96
93 35 96
35 94 5
94 35 5
35 95 51
95 35 51
35 96 40
96 35 40
35 97 28
97 35 28
35 98 51
98 35 51
35 99 2
99 35 2
36 37 46
37 36 46
36 38 92
38 36 92
36 39 90
39 36 90
36 40 85
40 36 85
36 41 79
41 36 79
36 42 3
42 36 3
36 43 41
43 36 41
36 44 57
44 36 57
36 45 13
45 36 13
36 46 50
46 36 50
36 47 61
47 36 61
36 48 29
48 36 29
36 49 7
49 36 7
36 50 91
50 36 91
36 51 19
51 36 19
36 52 56
52 36 56
36 53 64
53 36 64
36 54 65
54 36 65
36 55 73
55 36 73
36 56 60
56 36 60
36 57 53
57 36 53
36 58 63
58 36 63
36 59 45
59 36 45
36 60 56
60 36 56
36 61 10
61 36 10
36 62 1
62 36 1
36 63 58
63 36 58
36 64 49
64 36 49
36 65 80
65 36 80
36 66 8
66 36 8
36 67 3
67 36 3
36 68 25
68 36 25
36 69 99
69 36 99
36 70 44
70 36 44
36 71 62
71 36 62
36 72 29
72 36 29
36 73 46
73 36 46
36 74 54
74 36 54
36 75 37
75 36 37
36 76 11
76 36 11
36 77 3
77 36 3
36 78 98
78 36 98
36 79 91
79 36 91
36 80 61
80 36 61
36 81 88
81 36 88
36 82 61
82 36 61
36 83 17
83 36 17
36 84 3
84 36 3
36 85 25
85 36 25
36 86 89
86 36 89
36 87 62
87 36 62
36 88 77
88 36 77
36 89 3
89 36 3
36 90 58
90 36 58
36 91 84
91 36 84
36 92 12
92 36 12
36 93 59
93 36 59
36 94 41
94 36 41
36 95 13
95 36 13
36 96 38
96 36 38
36 97 100
97 36 100
36 98 15
98 36 15
36 99 15
99 36 15
37 38 50
38 37 50
37 39 58
39 37 58
37 40 28
40 37 28
37 41 78
41 37 78
37 42 55
42 37 55
37 43 33
43 37 33
37 44 15
44 37 15
37 45 65
45 37 65
37 46 35
46 37 35
37 47 12
47 37 12
37 48 55
48 37 55
37 49 47
49 37 47
37 50 99
50 37 99
37 51 68
51 37 68
37 52 63
52 37 63
37 53 1
53 37 1
37 54 92
54 37 92
37 55 4
55 37 4
37 56 15
56 37 15
37 57 69
57 37 69
37 58 6
58 37 6
37 59 72
59 37 72
37 60 4
60 37 4
37 61 70
61 37 70
37 62 82
62 37 82
37 63 45
63 37 45
37 64 82
64 37 82
37 65 72
65 37 72
37 66 44
66 37 44
37 67 96
67 37 96
37 68 86
68 37 86
37 69 94
69 37 94
37 70 5
70 37 5
37 71 65
71 37 65
37 72 71
72 37 71
37 73 11
73 37 11
37 74 97
74 37 97
37 75 37
75 37 37
37 76 76
76 37 76
37 77 83
77 37 83
37 78 48
78 37 48
37 79 82
79 37 82
37 80 29
80 37 29
37 81 98
81 37 98
37 82 1
82 37 1
37 83 44
83 37 44
37 84 99
84 37 99
37 85 93
85 37 93
37 86 47
86 37 47
37 87 65
87 37 65
37 88 13
88 37 13
37 89 4
89 37 4
37 90 36
90 37 36
37 91 16
91 37 16
37 92 73
92 37 73
37 93 70
93 37 70
37 94 12
94 37 12
37 95 6
95 37 6
37 96 41
96 37 41
37 97 8
97 37 8
37 98 53
98 37 53
37 99 78
99 37 78
38 39 1
39 38 1
38 40 57
40 38 57
38 41 42
41 38 42
38 42 23
42 38 23
38 43 68
43 38 68
38 44 38
44 38 38
38 45 12
45 38 12
38 46 95
46 38 95
38 47 20
47 38 20
38 48 59
48 38 59
38 49 28
49 38 28
38 50 100
50 38 100
38 51 57
51 38 57
38 52 29
52 38 29
38 53 43
53 38 43
38 54 7
54 38 7
38 55 73
55 38 73
38 56 41
56 38 41
38 57 71
57 38 71
38 58 37
58 38 37
38 59 97
59 38 97
38 60 58
60 38 58
38 61 52
61 38 52
38 62 69
62 38 69
38 63 27
63 38 27
38 64 16
64 38 16
38 65 27
65 38 27
38 66 67
66 38 67
38 67 23
67 38 23
38 68 79
68 38 79
38 69 44
69 38 44
38 70 75
70 38 75
38 71 36
71 38 36
38 72 37
72 38 37
38 73 49
73 38 49
38 74 55
74 38 55
38 75 26
75 38 26
38 76 60
76 38 60
38 77 1
77 38 1
38 78 97
78 38 97
38 79 71
79 38 71
38 80 80
80 38 80
38 81 97
81 38 97
38 82 27
82 38 27
38 83 60
83 38 60
38 84 91
84 38 91
38 85 85
85 38 85
38 86 32
86 38 32
38 87 32
87 38 32
38 88 55
88 38 55
38 89 20
89 38 20
38 90 28
90 38 28
38 91 12
91 38 12
38 92 72
92 38 72
38 93 48
93 38 48
38 94 91
94 38 91
38 95 87
95 38 87
38 96 74
96 38 74
38 97 9
97 38 9
38 98 61
98 38 61
38 99 53
99 38 53
39 40 5
40 39 5
39 41 35
41 39 35
39 42 40
42 39 40
39 43 41
43 39 41
39 44 83
44 39 83
39 45 94
45 39 94
39 46 67
46 39 67
39 47 95
47 39 95
39 48 46
48 39 46
39 49 63
49 39 63
39 50 65
50 39 65
39 51 77
51 39 77
39 52 11
52 39 11
39 53 43
53 39 43
39 54 37
54 39 37
39 55 2
55 39 2
39 56 27
56 39 27
39 57 20
57 39 20
39 58 33
58 39 33
39 59 81
59 39 81
39 60 40
60 39 40
39 61 12
61 39 12
39 62 44
62 39 44
39 63 63
63 39 63
39 64 59
64 39 59
39 65 34
65 39 34
39 66 1
66 39 1
39 67 85
67 39 85
39 68 43
68 39 43
39 69 61
69 39 61
39 70 37
70 39 37
39 71 47
71 39 47
39 72 47
72 39 47
39 73 76
73 39 76
39 74 39
74 39 39
39 75 81
75 39 81
39 76 21
76 39 21
39 77 5
77 39 5
39 78 75
78 39 75
39 79 18
79 39 18
39 80 20
80 39 20
39 81 91
81 39 91
39 82 94
82 39 94
39 83 30
83 39 30
39 84 33
84 39 33
39 85 82
85 39 82
39 86 31
86 39 31
39 87 59
87 39 59
39 88 2
88 39 2
39 89 63
89 39 63
39 90 91
90 39 91
39 91 93
91 39 93
39 92 26
92 39 26
39 93 35
93 39 35
39 94 55
94 39 55
39 95 85
95 39 85
39 96 20
96 39 20
39 97 7
97 39 7
39 98 69
98 39 69
39 99 14
99 39 14
40 41 19
41 40 19
40 42 57
42 40 57
40 43 12
43 40 12
40 44 65
44 40 65
40 45 84
45 40 84
40 46 51
46 40 51
40 47 45
47 40 45
40 48 56
48 40 56
40 49 7
49 40 7
40 50 72
50 40 72
40 51 73
51 40 73
40 52 26
52 40 26
40 53 62
53 40 62
40 54 18
54 40 18
40 55 56
55 40 56
40 56 47
56 40 47
40 57 52
57 40 52
40 58 86
58 40 86
40 59 5
59 40 5
40 60 53
60 40 53
40 61 1
61 40 1
40 62 48
62 40 48
40 63 97
63 40 97
40 64 26
64 40 26
40 65 34
65 40 34
40 66 3
66 40 3
40 67 62
67 40 62
40 68 53
68 40 53
40 69 9
69 40 9
40 70 82
70 40 82
40 71 67
71 40 67
40 72 79
72 40 79
40 73 38
73 40 38
40 74 30
74 40 30
40 75 43
75 40 43
40 76 73
76 40 73
40 77 80
77 40 80
40 78 39
78 40 39
40 79 28
79 40 28
40 80 87
80 40 87
40 81 62
81 40 62
40 82 52
82 40 52
40 83 12
83 40 12
40 84 76
84 40 76
40 85 22
85 40 22
40 86 19
86 40 19
40 87 22
87 40 22
40 88 73
88 40 73
40 89 5
89 40 5
40 90 78
90 40 78
40 91 77
91 40 77
40 92 57
92 40 57
40 93 25
93 40 25
40 94 73
94 40 73
40 95 82
95 40 82
40 96 58
96 40 58
40 97 75
97 40 75
40 98 96
98 40 96
40 99 63
99 40 63
41 42 35
42 41 35
41 43 77
43 41 77
41 44 81
44 41 81
41 45 13
45 41 13
41 46 15
46 41 15
41 47 10
47 41 10
41 48 7
48 41 7
41 49 87
49 41 87
41 50 90
50 41 90
41 51 97
51 41 97
41 52 67
52 41 67
41 53 28
53 41 28
41 54 59
54 41 59
41 55 18
55 41 18
41 56 39
56 41 39
41 57 34
57 41 34
41 58 39
58 41 39
41 59 58
59 41 58
41 60 55
60 41 55
41 61 11
61 41 11
41 62 14
62 41 14
41 63 84
63 41 84
41 64 87
64 41 87
41 65 70
65 41 70
41 66 9
66 41 9
41 67 11
67 41 11
41 68 3
68 41 3
41 69 18
69 41 18
41 70 37
70 41 37
41 71 98
71 41 98
41 72 80
72 41 80
41 73 23
73 41 23
41 74 75
74 41 75
41 75 60
75 41 60
41 76 87
76 41 87
41 77 41
77 41 41
41 78 70
78 41 70
41 79 93
79 41 93
41 80 79
80 41 79
41 81 59
81 41 59
41 82 90
82 41 90
41 83 45
83 41 45
41 84 86
84 41 86
41 85 100
85 41 100
41 86 15
86 41 15
41 87 76
87 41 76
41 88 33
88 41 33
41 89 5
89 41 5
41 90 85
90 41 85
41 91 39
91 41 39
41 92 68
92 41 68
41 93 50
93 41 50
41 94 22
94 41 22
41 95 6
95 41 6
41 96 19
96 41 19
41 97 82
97 41 82
41 98 17
98 41 17
41 99 74
99 41 74
42 43 100
43 42 100
42 44 5
44 42 5
42 45 23
45 42 23
42 46 79
46 42 79
42 47 28
47 42 28
42 48 49
48 42 49
42 49 91
49 42 91
42 50 14
50 42 14
42 51 89
51 42 89
42 52 60
52 42 60
42 53 59
53 42 59
42 54 20
54 42 20
42 55 70
55 42 70
42 56 48
56 42 48
42 57 16
57 42 16
42 58 7
58 42 7
42 59 99
59 42 99
42 60 30
60 42 30
42 61 82
61 42 82
42 62 31
62 42 31
42 63 35
63 42 35
42 64 19
64 42 19
42 65 21
65 42 21
42 66 2
66 42 2
42 67 68
67 42 68
42 68 94
68 42 94
42 69 59
69 42 59
42 70 39
70 42 39
42 71 76
71 42 76
42 72 75
72 42 75
42 73 12
73 42 12
42 74 27
74 42 27
42 75 80
75 42 80
42 76 86
76 42 86
42 77 5
77 42 5
42 78 59
78 42 59
42 79 35
79 42 35
42 80 47
80 42 47
42 81 72
81 42 72
42 82 75
82 42 75
42 83 6
83 42 6
42 84 30
84 42 30
42 85 94
85 42 94
42 86 75
86 42 75
42 87 29
87 42 29
42 88 10
88 42 10
42 89 33
89 42 33
42 90 27
90 42 27
42 91 91
91 42 91
42 92 67
92 42 67
42 93 9
93 42 9
42 94 77
94 42 77
42 95 85
95 42 85
42 96 29
96 42 29
42 97 30
97 42 30
42 98 52
98 42 52
42 99 23
99 42 23
43 44 89
44 43 89
43 45 42
45 43 42
43 46 50
46 43 50
43 47 63
47 43 63
43 48 5
48 43 5
43 49 76
49 43 76
43 50 94
50 43 94
43 51 91
51 43 91
43 52 32
52 43 32
43 53 52
53 43 52
43 54 77
54 43 77
43 55 79
55 43 79
43 56 76
56 43 76
43 57 51
57 43 51
43 58 36
58 43 36
43 59 57
59 43 57
43 60 97
60 43 97
43 61 63
61 43 63
43 62 38
62 43 38
43 63 58
63 43 58
43 64 95
64 43 95
43 65 64
65 43 64
43 66 48
66 43 48
43 67 61
67 43 61
43 68 25
68 43 25
43 69 25
69 43 25
43 70 97
70 43 97
43 71 5
71 43 5
43 72 54
72 43 54
43 73 1
73 43 1
43 74 79
74 43 79
43 75 94
75 43 94
43 76 42
76 43 42
43 77 28
77 43 28
43 78 9
78 43 9
43 79 47
79 43 47
43 80 55
80 43 55
43 81 2
81 43 2
43 82 89
82 43 89
43 83 87
83 43 87
43 84 6
84 43 6
43 85 65
85 43 65
43 86 17
86 43 17
43 87 33
87 43 33
43 88 15
88 43 15
43 89 52
89 43 52
43 90 89
90 43 89
43 91 63
91 43 63
43 92 14
92 43 14
43 93 26
93 43 26
43 94 20
94 43 20
43 95 9
95 43 9
43 96 42
96 43 42
43 97 20
97 43 20
43 98 21
98 43 21
43 99 66
99 43 66
44 45 96
45 44 96
44 46 18
46 44 18
44 47 22
47 44 22
44 48 1
48 44 1
44 49 18
49 44 18
44 50 1
50 44 1
44 51 95
51 44 95
44 52 11
52 44 11
44 53 28
53 44 28
44 54 3
54 44 3
44 55 57
55 44 57
44 56 83
56 44 83
44 57 56
57 44 56
44 58 97
58 44 97
44 59 21
59 44 21
44 60 61
60 44 61
44 61 61
61 44 61
44 62 37
62 44 37
44 63 93
63 44 93
44 64 28
64 44 28
44 65 88
65 44 88
44 66 34
66 44 34
44 67 90
67 44 90
44 68 2
68 44 2
44 69 59
69 44 59
44 70 62
70 44 62
44 71 62
71 44 62
44 72 100
72 44 100
44 73 81
73 44 81
44 74 34
74 44 34
44 75 17
75 44 17
44 76 28
76 44 28
44 77 3
77 44 3
44 78 39
78 44 39
44 79 28
79 44 28
44 80 20
80 44 20
44 81 39
81 44 39
44 82 22
82 44 22
44 83 83
83 44 83
44 84 18
84 44 18
44 85 76
85 44 76
44 86 91
86 44 91
44 87 52
87 44 52
44 88 32
88 44 32
44 89 88
89 44 88
44 90 72
90 44 72
44 91 92
91 44 92
44 92 48
92 44 48
44 93 60
93 44 60
44 94 37
94 44 37
44 95 27
95 44 27
44 96 48
96 44 48
44 97 70
97 44 70
44 98 69
98 44 69
44 99 1
99 44 1
45 46 80
46 45 80
45 47 30
47 45 30
45 48 14
48 45 14
45 49 80
49 45 80
45 50 62
50 45 62
45 51 47
51 45 47
45 52 48
52 45 48
45 53 89
53 45 89
45 54 50
54 45 50
45 55 38
55 45 38
45 56 16
56 45 16
45 57 21
57 45 21
45 58 28
58 45 28
45 59 90
59 45 90
45 60 55
60 45 55
45 61 98
61 45 98
45 62 65
62 45 65
45 63 46
63 45 46
45 64 49
64 45 49
45 65 96
65 45 96
45 66 33
66 45 33
45 67 73
67 45 73
45 68 40
68 45 40
45 69 32
69 45 32
45 70 32
70 45 32
45 71 76
71 45 76
45 72 59
72 45 59
45 73 31
73 45 31
45 74 97
74 45 97
45 75 27
75 45 27
45 76 31
76 45 31
45 77 76
77 45 76
45 78 8
78 45 8
45 79 44
79 45 44
45 80 7
80 45 7
45 81 69
81 45 69
45 82 43
82 45 43
45 83 55
83 45 55
45 84 57
84 45 57
45 85 44
85 45 44
45 86 44
86 45 44
45 87 24
87 45 24
45 88 16
88 45 16
45 89 72
89 45 72
45 90 13
90 45 13
45 91 71
91 45 71
45 92 69
92 45 69
45 93 78
93 45 78
45 94 16
94 45 16
45 95 69
95 45 69
45 96 73
96 45 73
45 97 100
97 45 100
45 98 41
98 45 41
45 99 12
99 45 12
46 47 31
47 46 31
46 48 25
48 46 25
46 49 39
49 46 39
46 50 89
50 46 89
46 51 55
51 46 55
46 52 35
52 46 35
46 53 67
53 46 67
46 54 86
54 46 86
46 55 11
55 46 11
46 56 74
56 46 74
46 57 81
57 46 81
46 58 69
58 46 69
46 59 42
59 46 42
46 60 75
60 46 75
46 61 75
61 46 75
46 62 50
62 46 50
46 63 70
63 46 70
46 64 19
64 46 19
46 65 74
65 46 74
46 66 38
66 46 38
46 67 42
67 46 42
46 68 38
68 46 38
46 69 8
69 46 8
46 70 10
70 46 10
46 71 15
71 46 15
46 72 75
72 46 75
46 73 30
73 46 30
46 74 40
74 46 40
46 75 74
75 46 74
46 76 23
76 46 23
46 77 3
77 46 3
46 78 4
78 46 4
46 79 47
79 46 47
46 80 42
80 46 42
46 81 45
81 46 45
46 82 1
82 46 1
46 83 28
83 46 28
46 84 11
84 46 11
46 85 38
85 46 38
46 86 90
86 46 90
46 87 37
87 46 37
46 88 71
88 46 71
46 89 59
89 46 59
46 90 30
90 46 30
46 91 97
91 46 97
46 92 33
92 46 33
46 93 32
93 46 32
46 94 67
94 46 67
46 95 51
95 46 51
46 96 5
96 46 5
46 97 4
97 46 4
46 98 92
98 46 92
46 99 94
99 46 94
47 48 63
48 47 63
47 49 53
49 47 53
47 50 9
50 47 9
47 51 37
51 47 37
47 52 83
52 47 83
47 53 100
53 47 100
47 54 62
54 47 62
47 55 57
55 47 57
47 56 2
56 47 2
47 57 17
57 47 17
47 58 3
58 47 3
47 59 95
59 47 95
47 60 61
60 47 61
47 61 55
61 47 55
47 62 23
62 47 23
47 63 24
63 47 24
47 64 45
64 47 45
47 65 12
65 47 12
47 66 12
66 47 12
47 67 15
67 47 15
47 68 70
68 47 70
47 69 41
69 47 41
47 70 63
70 47 63
47 71 3
71 47 3
47 72 72
72 47 72
47 73 29
73 47 29
47 74 5
74 47 5
47 75 28
75 47 28
47 76 84
76 47 84
47 77 97
77 47 97
47 78 22
78 47 22
47 79 98
79 47 98
47 80 1
80 47 1
47 81 82
81 47 82
47 82 86
82 47 86
47 83 83
83 47 83
47 84 33
84 47 33
47 85 47
85 47 47
47 86 39
86 47 39
47 87 34
87 47 34
47 88 64
88 47 64
47 89 93
89 47 93
47 90 29
90 47 29
47 91 76
91 47 76
47 92 48
92 47 48
47 93 3
93 47 3
47 94 51
94 47 51
47 95 92
95 47 92
47 96 14
96 47 14
47 97 62
97 47 62
47 98 58
98 47 58
47 99 84
99 47 84
48 49 55
49 48 55
48 50 20
50 48 20
48 51 38
51 48 38
48 52 78
52 48 78
48 53 1
53 48 1
48 54 42
54 48 42
48 55 58
55 48 58
48 56 36
56 48 36
48 57 90
57 48 90
48 58 31
58 48 31
48 59 34
59 48 34
48 60 91
60 48 91
48 61 12
61 48 12
48 62 71
62 48 71
48 63 73
63 48 73
48 64 96
64 48 96
48 65 18
65 48 18
48 66 64
66 48 64
48 67 29
67 48 29
48 68 33
68 48 33
48 69 8
69 48 8
48 70 9
70 48 9
48 71 60
71 48 60
48 72 7
72 48 7
48 73 11
73 48 11
48 74 11
74 48 11
48 75 50
75 48 50
48 76 25
76 48 25
48 77 24
77 48 24
48 78 7
78 48 7
48 79 60
79 48 60
48 80 30
80 48 30
48 81 79
81 48 79
48 82 97
82 48 97
48 83 8
83 48 8
48 84 31
84 48 31
48 85 90
85 48 90
48 86 65
86 48 65
48 87 18
87 48 18
48 88 80
88 48 80
48 89 95
89 48 95
48 90 3
90 48 3
48 91 70
91 48 70
48 92 58
92 48 58
48 93 74
93 48 74
48 94 94
94 48 94
48 95 53
95 48 53
48 96 43
96 48 43
48 97 9
97 48 9
48 98 33
98 48 33
48 99 27
99 48 27
49 50 17
50 49 17
49 51 42
51 49 42
49 52 86
52 49 86
49 53 23
53 49 23
49 54 4
54 49 4
49 55 48
55 49 48
49 56 73
56 49 73
49 57 80
57 49 80
49 58 72
58 49 72
49 59 31
59 49 31
49 60 39
60 49 39
49 61 53
61 49 53
49 62 61
62 49 61
49 63 87
63 49 87
49 64 60
64 49 60
49 65 43
65 49 43
49 66 77
66 49 77
49 67 76
67 49 76
49 68 61
68 49 61
49 69 8
69 49 8
49 70 22
70 49 22
49 71 15
71 49 15
49 72 77
72 49 77
49 73 79
73 49 79
49 74 88
74 49 88
49 75 22
75 49 22
49 76 83
76 49 83
49 77 82
77 49 82
49 78 31
78 49 31
49 79 68
79 49 68
49 80 8
80 49 8
49 81 99
81 49 99
49 82 61
82 49 61
49 83 94
83 49 94
49 84 21
84 49 21
49 85 64
85 49 64
49 86 93
86 49 93
49 87 45
87 49 45
49 88 44
88 49 44
49 89 16
89 49 16
49 90 76
90 49 76
49 91 34
91 49 34
49 92 69
92 49 69
49 93 88
93 49 88
49 94 21
94 49 21
49 95 28
95 49 28
49 96 31
96 49 31
49 97 49
97 49 49
49 98 56
98 49 56
49 99 43
99 49 43
50 51 56
51 50 56
50 52 77
52 50 77
50 53 57
53 50 57
50 54 84
54 50 84
50 55 8
55 50 8
50 56 45
56 50 45
50 57 5
57 50 5
50 58 42
58 50 42
50 59 78
59 50 78
50 60 87
60 50 87
50 61 9
61 50 9
50 62 86
62 50 86
50 63 85
63 50 85
50 64 69
64 50 69
50 65 31
65 50 31
50 66 58
66 50 58
50 67 85
67 50 85
50 68 23
68 50 23
50 69 2
69 50 2
50 70 28
70 50 28
50 71 91
71 50 91
50 72 29
72 50 29
50 73 61
73 50 61
50 74 59
74 50 59
50 75 17
75 50 17
50 76 33
76 50 33
50 77 38
77 50 38
50 78 99
78 50 99
50 79 33
79 50 33
50 80 93
80 50 93
50 81 41
81 50 41
50 82 40
82 50 40
50 83 70
83 50 70
50 84 97
84 50 97
50 85 75
85 50 75
50 86 77
86 50 77
50 87 93
87 50 93
50 88 32
88 50 32
50 89 18
89 50 18
50 90 71
90 50 71
50 91 18
91 50 18
50 92 79
92 50 79
50 93 8
93 50 8
50 94 55
94 50 55
50 95 47
95 50 47
50 96 38
96 50 38
50 97 64
97 50 64
50 98 31
98 50 31
50 99 12
99 50 12
51 52 65
52 51 65
51 53 10
53 51 10
51 54 54
54 51 54
51 55 46
55 51 46
51 56 23
56 51 23
51 57 12
57 51 12
51 58 14
58 51 14
51 59 7
59 51 7
51 60 50
60 51 50
51 61 12
61 51 12
51 62 40
62 51 40
51 63 42
63 51 42
51 64 4
64 51 4
51 65 31
65 51 31
51 66 63
66 51 63
51 67 100
67 51 100
51 68 6
68 51 6
51 69 91
69 51 91
51 70 45
70 51 45
51 71 37
71 51 37
51 72 61
72 51 61
51 73 15
73 51 15
51 74 6
74 51 6
51 75 39
75 51 39
51 76 74
76 51 74
51 77 12
77 51 12
51 78 37
78 51 37
51 79 63
79 51 63
51 80 75
80 51 75
51 81 20
81 51 20
51 82 26
82 51 26
51 83 92
83 51 92
51 84 29
84 51 29
51 85 80
85 51 80
51 86 37
86 51 37
51 87 3
87 51 3
51 88 91
88 51 91
51 89 2
89 51 2
51 90 10
90 51 10
51 91 92
91 51 92
51 92 65
92 51 65
51 93 1
93 51 1
51 94 86
94 51 86
51 95 68
95 51 68
51 96 83
96 51 83
51 97 48
97 51 48
51 98 19
98 51 19
51 99 40
99 51 40
52 53 91
53 52 91
52 54 63
54 52 63
52 55 28
55 52 28
52 56 51
56 52 51
52 57 29
57 52 29
52 58 34
58 52 34
52 59 41
59 52 41
52 60 2
60 52 2
52 61 97
61 52 97
52 62 29
62 52 29
52 63 64
63 52 64
52 64 72
64 52 72
52 65 48
65 52 48
52 66 42
66 52 42
52 67 63
67 52 63
52 68 29
68 52 29
52 69 21
69 52 21
52 70 51
70 52 51
52 71 83
71 52 83
52 72 11
72 52 11
52 73 52
73 52 52
52 74 44
74 52 44
52 75 55
75 52 55
52 76 68
76 52 68
52 77 96
77 52 96
52 78 40
78 52 40
52 79 35
79 52 35
52 80 79
80 52 79
52 81 39
81 52 39
52 82 53
82 52 53
52 83 18
83 52 18
52 84 29
84 52 29
52 85 68
85 52 68
52 86 46
86 52 46
52 87 31
87 52 31
52 88 96
88 52 96
52 89 31
89 52 31
52 90 23
90 52 23
52 91 50
91 52 50
52 92 27
92 52 27
52 93 52
93 52 52
52 94 65
94 52 65
52 95 50
95 52 50
52 96 51
96 52 51
52 97 6
97 52 6
52 98 64
98 52 64
52 99 31
99 52 31
53 54 26
54 53 26
53 55 14
55 53 14
53 56 14
56 53 14
53 57 89
57 53 89
53 58 17
58 53 17
53 59 9
59 53 9
53 60 43
60 53 43
53 61 84
61 53 84
53 62 5
62 53 5
53 63 82
63 53 82
53 64 70
64 53 70
53 65 83
65 53 83
53 66 72
66 53 72
53 67 23
67 53 23
53 68 52
68 53 52
53 69 1
69 53 1
53 70 42
70 53 42
53 71 49
71 53 49
53 72 83
72 53 83
53 73 37
73 53 37
53 74 79
74 53 79
53 75 6
75 53 6
53 76 38
76 53 38
53 77 58
77 53 58
53 78 9
78 53 9
53 79 3
79 53 3
53 80 7
80 53 7
53 81 59
81 53 59
53 82 60
82 53 60
53 83 71
83 53 71
53 84 42
84 53 42
53 85 38
85 53 38
53 86 36
86 53 36
53 87 55
87 53 55
53 88 78
88 53 78
53 89 5
89 53 5
53 90 63
90 53 63
53 91 20
91 53 20
53 92 88
92 53 88
53 93 19
93 53 19
53 94 53
94 53 53
53 95 58
95 53 58
53 96 53
96 53 53
53 97 24
97 53 24
53 98 32
98 53 32
53 99 5
99 53 5
54 55 76
55 54 76
54 56 73
56 54 73
54 57 53
57 54 53
54 58 59
58 54 59
54 59 61
59 54 61
54 60 84
60 54 84
54 61 64
61 54 64
54 62 99
62 54 99
54 63 41
63 54 41
54 64 72
64 54 72
54 65 53
65 54 53
54 66 99
66 54 99
54 67 82
67 54 82
54 68 64
68 54 64
54 69 21
69 54 21
54 70 23
70 54 23
54 71 1
71 54 1
54 72 9
72 54 9
54 73 29
73 54 29
54 74 30
74 54 30
54 75 13
75 54 13
54 76 44
76 54 44
54 77 49
77 54 49
54 78 52
78 54 52
54 79 62
79 54 62
54 80 53
80 54 53
54 81 9
81 54 9
54 82 15
82 54 15
54 83 29
83 54 29
54 84 40
84 54 40
54 85 71
85 54 71
54 86 56
86 54 56
54 87 64
87 54 64
54 88 23
88 54 23
54 89 66
89 54 66
54 90 25
90 54 25
54 91 58
91 54 58
54 92 29
92 54 29
54 93 75
93 54 75
54 94 50
94 54 50
54 95 52
95 54 52
54 96 79
96 54 79
54 97 49
97 54 49
54 98 86
98 54 86
54 99 42
99 54 42
55 56 21
56 55 21
55 57 60
57 55 60
55 58 95
58 55 95
55 59 81
59 55 81
55 60 89
60 55 89
55 61 24
61 55 24
55 62 93
62 55 93
55 63 84
63 55 84
55 64 25
64 55 25
55 65 45
65 55 45
55 66 45
66 55 45
55 67 29
67 55 29
55 68 5
68 55 5
55 69 11
69 55 11
55 70 9
70 55 9
55 71 97
71 55 97
55 72 81
72 55 81
55 73 17
73 55 17
55 74 60
74 55 60
55 75 56
75 55 56
55 76 82
76 55 82
55 77 36
77 55 36
55 78 13
78 55 13
55 79 63
79 55 63
55 80 10
80 55 10
55 81 63
81 55 63
55 82 14
82 55 14
55 83 40
83 55 40
55 84 63
84 55 63
55 85 51
85 55 51
55 86 34
86 55 34
55 87 35
87 55 35
55 88 11
88 55 11
55 89 80
89 55 80
55 90 16
90 55 16
55 91 51
91 55 51
55 92 3
92 55 3
55 93 8
93 55 8
55 94 34
94 55 34
55 95 79
95 55 79
55 96 4
96 55 4
55 97 30
97 55 30
55 98 60
98 55 60
55 99 9
99 55 9
56 57 93
57 56 93
56 58 68
58 56 68
56 59 5
59 56 5
56 60 73
60 56 73
56 61 84
61 56 84
56 62 64
62 56 64
56 63 80
63 56 80
56 64 66
64 56 66
56 65 52
65 56 52
56 66 45
66 56 45
56 67 28
67 56 28
56 68 13
68 56 13
56 69 7
69 56 7
56 70 93
70 56 93
56 71 53
71 56 53
56 72 21
72 56 21
56 73 96
73 56 96
56 74 38
74 56 38
56 75 55
75 56 55
56 76 58
76 56 58
56 77 17
77 56 17
56 78 70
78 56 70
56 79 8
79 56 8
56 80 19
80 56 19
56 81 30
81 56 30
56 82 93
82 56 93
56 83 50
83 56 50
56 84 33
84 56 33
56 85 74
85 56 74
56 86 9
86 56 9
56 87 41
87 56 41
56 88 66
88 56 66
56 89 28
89 56 28
56 90 97
90 56 97
56 91 91
91 56 91
56 92 64
92 56 64
56 93 13
93 56 13
56 94 70
94 56 70
56 95 29
95 56 29
56 96 64
96 56 64
56 97 14
97 56 14
56 98 8
98 56 8
56 99 76
99 56 76
57 58 72
58 57 72
57 59 52
59 57 52
57 60 28
60 57 28
57 61 92
61 57 92
57 62 99
62 57 99
57 63 65
63 57 65
57 64 99
64 57 99
57 65 56
65 57 56
57 66 33
66 57 33
57 67 68
67 57 68
57 68 15
68 57 15
57 69 52
69 57 52
57 70 49
70 57 49
57 71 7
71 57 7
57 72 53
72 57 53
57 73 82
73 57 82
57 74 81
74 57 81
57 75 13
75 57 13
57 76 74
76 57 74
57 77 98
77 57 98
57 78 40
78 57 40
57 79 71
79 57 71
57 80 88
80 57 88
57 81 3
81 57 3
57 82 83
82 57 83
57 83 58
83 57 58
57 84 83
84 57 83
57 85 46
85 57 46
57 86 23
86 57 23
57 87 42
87 57 42
57 88 73
88 57 73
57 89 95
89 57 95
57 90 46
90 57 46
57 91 53
91 57 53
57 92 38
92 57 38
57 93 44
93 57 44
57 94 69
94 57 69
57 95 36
95 57 36
57 96 100
96 57 100
57 97 2
97 57 2
57 98 56
98 57 56
57 99 14
99 57 14
58 59 53
59 58 53
58 60 4
60 58 4
58 61 73
61 58 73
58 62 57
62 58 57
58 63 85
63 58 85
58 64 53
64 58 53
58 65 69
65 58 69
58 66 11
66 58 11
58 67 50
67 58 50
58 68 60
68 58 60
58 69 81
69 58 81
58 70 90
70 58 90
58 71 63
71 58 63
58 72 15
72 58 15
58 73 47
73 58 47
58 74 97
74 58 97
58 75 12
75 58 12
58 76 21
76 58 21
58 77 91
77 58 91
58 78 84
78 58 84
58 79 67
79 58 67
58 80 36
80 58 36
58 81 36
81 58 36
58 82 5
82 58 5
58 83 79
83 58 79
58 84 5
84 58 5
58 85 40
85 58 40
58 86 30
86 58 30
58 87 6
87 58 6
58 88 95
88 58 95
58 89 44
89 58 44
58 90 10
90 58 10
58 91 99
91 58 99
58 92 16
92 58 16
58 93 18
93 58 18
58 94 35
94 58 35
58 95 20
95 58 20
58 96 86
96 58 86
58 97 45
97 58 45
58 98 21
98 58 21
58 99 97
99 58 97
59 60 77
60 59 77
59 61 10
61 59 10
59 62 11
62 59 11
59 63 91
63 59 91
59 64 8
64 59 8
59 65 8
65 59 8
59 66 54
66 59 54
59 67 29
67 59 29
59 68 50
68 59 50
59 69 90
69 59 90
59 70 95
70 59 95
59 71 85
71 59 85
59 72 25
72 59 25
59 73 51
73 59 51
59 74 15
74 59 15
59 75 81
75 59 81
59 76 91
76 59 91
59 77 45
77 59 45
59 78 38
78 59 38
59 79 37
79 59 37
59 80 88
80 59 88
59 81 99
81 59 99
59 82 87
82 59 87
59 83 55
83 59 55
59 84 68
84 59 68
59 85 22
85 59 22
59 86 74
86 59 74
59 87 5
87 59 5
59 88 66
88 59 66
59 89 94
89 59 94
59 90 2
90 59 2
59 91 95
91 59 95
59 92 56
92 59 56
59 93 12
93 59 12
59 94 85
94 59 85
59 95 63
95 59 63
59 96 71
96 59 71
59 97 91
97 59 91
59 98 43
98 59 43
59 99 20
99 59 20
60 61 80
61 60 80
60 62 90
62 60 90
60 63 4
63 60 4
60 64 56
64 60 56
60 65 40
65 60 40
60 66 19
66 60 19
60 67 89
67 60 89
60 68 82
68 60 82
60 69 63
69 60 63
60 70 78
70 60 78
60 71 19
71 60 19
60 72 2
72 60 2
60 73 77
73 60 77
60 74 57
74 60 57
60 75 56
75 60 56
60 76 96
76 60 96
60 77 78
77 60 78
60 78 29
78 60 29
60 79 1
79 60 1
60 80 96
80 60 96
60 81 74
81 60 74
60 82 2
82 60 2
60 83 90
83 60 90
60 84 29
84 60 29
60 85 13
85 60 13
60 86 26
86 60 26
60 87 44
87 60 44
60 88 84
88 60 84
60 89 16
89 60 16
60 90 38
90 60 38
60 91 3
91 60 3
60 92 95
92 60 95
60 93 27
93 60 27
60 94 59
94 60 59
60 95 3
95 60 3
60 96 19
96 60 19
60 97 77
97 60 77
60 98 91
98 60 91
60 99 100
99 60 100
61 62 91
62 61 91
61 63 68
63 61 68
61 64 70
64 61 70
61 65 92
65 61 92
61 66 96
66 61 96
61 67 79
67 61 79
61 68 47
68 61 47
61 69 92
69 61 92
61 70 56
70 61 56
61 71 27
71 61 27
61 72 92
72 61 92
61 73 51
73 61 51
61 74 52
74 61 52
61 75 93
75 61 93
61 76 92
76 61 92
61 77 81
77 61 81
61 78 57
78 61 57
61 79 18
79 61 18
61 80 76
80 61 76
61 81 92
81 61 92
61 82 85
82 61 85
61 83 13
83 61 13
61 84 95
84 61 95
61 85 32
85 61 32
61 86 92
86 61 92
61 87 53
87 61 53
61 88 34
88 61 34
61 89 10
89 61 10
61 90 81
90 61 81
61 91 76
91 61 76
61 92 61
92 61 61
61 93 71
93 61 71
61 94 43
94 61 43
61 95 83
95 61 83
61 96 62
96 61 62
61 97 91
97 61 91
61 98 61
98 61 61
61 99 60
99 61 60
62 63 82
63 62 82
62 64 68
64 62 68
62 65 38
65 62 38
62 66 25
66 62 25
62 67 71
67 62 71
62 68 89
68 62 89
62 69 69
69 62 69
62 70 62
70 62 62
62 71 21
71 62 21
62 72 25
72 62 25
62 73 31
73 62 31
62 74 96
74 62 96
62 75 17
75 62 17
62 76 68
76 62 68
62 77 61
77 62 61
62 78 63
78 62 63
62 79 99
79 62 99
62 80 4
80 62 4
62 81 67
81 62 67
62 82 84
82 62 84
62 83 13
83 62 13
62 84 47
84 62 47
62 85 59
85 62 59
62 86 25
86 62 25
62 87 69
87 62 69
62 88 53
88 62 53
62 89 59
89 62 59
62 90 82
90 62 82
62 91 43
91 62 43
62 92 71
92 62 71
62 93 41
93 62 41
62 94 76
94 62 76
62 95 39
95 62 39
62 96 78
96 62 78
62 97 52
97 62 52
62 98 9
98 62 9
62 99 18
99 62 18
63 64 20
64 63 20
63 65 22
65 63 22
63 66 39
66 63 39
63 67 97
67 63 97
63 68 5
68 63 5
63 69 34
69 63 34
63 70 65
70 63 65
63 71 72
71 63 72
63 72 46
72 63 46
63 73 27
73 63 27
63 74 22
74 63 22
63 75 49
75 63 49
63 76 45
76 63 45
63 77 5
77 63 5
63 78 13
78 63 13
63 79 91
79 63 91
63 80 15
80 63 15
63 81 90
81 63 90
63 82 11
82 63 11
63 83 67
83 63 67
63 84 48
84 63 48
63 85 92
85 63 92
63 86 62
86 63 62
63 87 19
87 63 19
63 88 84
88 63 84
63 89 89
89 63 89
63 90 9
90 63 9
63 91 13
91 63 13
63 92 41
92 63 41
63 93 69
93 63 69
63 94 30
94 63 30
63 95 60
95 63 60
63 96 42
96 63 42
63 97 68
97 63 68
63 98 8
98 63 8
63 99 46
99 63 46
64 65 54
65 64 54
64 66 72
66 64 72
64 67 69
67 64 69
64 68 51
68 64 51
64 69 50
69 64 50
64 70 90
70 64 90
64 71 100
71 64 100
64 72 94
72 64 94
64 73 46
73 64 46
64 74 12
74 64 12
64 75 36
75 64 36
64 76 60
76 64 60
64 77 53
77 64 53
64 78 46
78 64 46
64 79 79
79 64 79
64 80 1
80 64 1
64 81 89
81 64 89
64 82 40
82 64 40
64 83 71
83 64 71
64 84 72
84 64 72
64 85 28
85 64 28
64 86 31
86 64 31
64 87 84
87 64 84
64 88 68
88 64 68
64 89 99
89 64 99
64 90 66
90 64 66
64 91 80
91 64 80
64 92 92
92 64 92
64 93 85
93 64 85
64 94 87
94 64 87
64 95 90
95 64 90
64 96 38
96 64 38
64 97 11
97 64 11
64 98 10
98 64 10
64 99 89
99 64 89
65 66 12
66 65 12
65 67 100
67 65 100
65 68 40
68 65 40
65 69 6
69 65 6
65 70 97
70 65 97
65 71 3
71 65 3
65 72 93
72 65 93
65 73 9
73 65 9
65 74 56
74 65 56
65 75 91
75 65 91
65 76 87
76 65 87
65 77 56
77 65 56
65 78 79
78 65 79
65 79 26
79 65 26
65 80 78
80 65 78
65 81 3
81 65 3
65 82 5
82 65 5
65 83 60
83 65 60
65 84 38
84 65 38
65 85 25
85 65 25
65 86 58
86 65 58
65 87 3
87 65 3
65 88 56
88 65 56
65 89 1
89 65 1
65 90 88
90 65 88
65 91 94
91 65 94
65 92 90
92 65 90
65 93 77
93 65 77
65 94 4
94 65 4
65 95 100
95 65 100
65 96 17
96 65 17
65 97 16
97 65 16
65 98 51
98 65 51
65 99 56
99 65 56
66 67 73
67 66 73
66 68 99
68 66 99
66 69 59
69 66 59
66 70 65
70 66 65
66 71 7
71 66 7
66 72 14
72 66 14
66 73 7
73 66 7
66 74 93
74 66 93
66 75 21
75 66 21
66 76 38
76 66 38
66 77 70
77 66 70
66 78 50
78 66 50
66 79 40
79 66 40
66 80 27
80 66 27
66 81 9
81 66 9
66 82 77
82 66 77
66 83 51
83 66 51
66 84 18
84 66 18
66 85 32
85 66 32
66 86 6
86 66 6
66 87 18
87 66 18
66 88 71
88 66 71
66 89 99
89 66 99
66 90 60
90 66 60
66 91 47
91 66 47
66 92 55
92 66 55
66 93 11
93 66 11
66 94 64
94 66 64
66 95 70
95 66 70
66 96 61
96 66 61
66 97 19
97 66 19
66 98 94
98 66 94
66 99 11
99 66 11
67 68 29
68 67 29
67 69 10
69 67 10
67 70 18
70 67 18
67 71 94
71 67 94
67 72 17
72 67 17
67 73 62
73 67 62
67 74 66
74 67 66
67 75 6
75 67 6
67 76 32
76 67 32
67 77 15
77 67 15
67 78 45
78 67 45
67 79 10
79 67 10
67 80 75
80 67 75
67 81 73
81 67 73
67 82 60
82 67 60
67 83 92
83 67 92
67 84 4
84 67 4
67 85 17
85 67 17
67 86 62
86 67 62
67 87 74
87 67 74
67 88 67
88 67 67
67 89 21
89 67 21
67 90 73
90 67 73
67 91 21
91 67 21
67 92 83
92 67 83
67 93 36
93 67 36
67 94 42
94 67 42
67 95 43
95 67 43
67 96 6
96 67 6
67 97 87
97 67 87
67 98 53
98 67 53
67 99 35
99 67 35
68 69 97
69 68 97
68 70 22
70 68 22
68 71 80
71 68 80
68 72 65
72 68 65
68 73 84
73 68 84
68 74 46
74 68 46
68 75 70
75 68 70
68 76 67
76 68 67
68 77 60
77 68 60
68 78 66
78 68 66
68 79 76
79 68 76
68 80 35
80 68 35
68 81 38
81 68 38
68 82 87
82 68 87
68 83 78
83 68 78
68 84 94
84 68 94
68 85 3
85 68 3
68 86 39
86 68 39
68 87 19
87 68 19
68 88 21
88 68 21
68 89 11
89 68 11
68 90 91
90 68 91
68 91 42
91 68 42
68 92 93
92 68 93
68 93 78
93 68 78
68 94 35
94 68 35
68 95 87
95 68 87
68 96 84
96 68 84
68 97 74
97 68 74
68 98 92
98 68 92
68 99 70
99 68 70
69 70 70
70 69 70
69 71 13
71 69 13
69 72 49
72 69 49
69 73 86
73 69 86
69 74 48
74 69 48
69 75 94
75 69 94
69 76 55
76 69 55
69 77 14
77 69 14
69 78 6
78 69 6
69 79 20
79 69 20
69 80 89
80 69 89
69 81 40
81 69 40
69 82 9
82 69 9
69 83 75
83 69 75
69 84 69
84 69 69
69 85 2
85 69 2
69 86 29
86 69 29
69 87 8
87 69 8
69 88 21
88 69 21
69 89 50
89 69 50
69 90 70
90 69 70
69 91 63
91 69 63
69 92 43
92 69 43
69 93 63
93 69 63
69 94 41
94 69 41
69 95 29
95 69 29
69 96 1
96 69 1
69 97 76
97 69 76
69 98 2
98 69 2
69 99 92
99 69 92
70 71 45
71 70 45
70 72 23
72 70 23
70 73 57
73 70 57
70 74 93
74 70 93
70 75 8
75 70 8
70 76 4
76 70 4
70 77 39
77 70 39
70 78 14
78 70 14
70 79 18
79 70 18
70 80 44
80 70 44
70 81 33
81 70 33
70 82 58
82 70 58
70 83 83
83 70 83
70 84 94
84 70 94
70 85 85
85 70 85
70 86 51
86 70 51
70 87 95
87 70 95
70 88 13
88 70 13
70 89 10
89 70 10
70 90 67
90 70 67
70 91 62
91 70 62
70 92 80
92 70 80
70 93 82
93 70 82
70 94 56
94 70 56
70 95 94
95 70 94
70 96 22
96 70 22
70 97 85
97 70 85
70 98 94
98 70 94
70 99 49
99 70 49
71 72 86
72 71 86
71 73 86
73 71 86
71 74 93
74 71 93
71 75 61
75 71 61
71 76 94
76 71 94
71 77 37
77 71 37
71 78 68
78 71 68
71 79 97
79 71 97
71 80 75
80 71 75
71 81 82
81 71 82
71 82 66
82 71 66
71 83 18
83 71 18
71 84 66
84 71 66
71 85 24
85 71 24
71 86 52
86 71 52
71 87 59
87 71 59
71 88 8
88 71 8
71 89 55
89 71 55
71 90 6
90 71 6
71 91 20
91 71 20
71 92 16
92 71 16
71 93 24
93 71 24
71 94 34
94 71 34
71 95 47
95 71 47
71 96 5
96 71 5
71 97 89
97 71 89
71 98 40
98 71 40
71 99 78
99 71 78
72 73 25
73 72 25
72 74 86
74 72 86
72 75 26
75 72 26
72 76 11
76 72 11
72 77 71
77 72 71
72 78 18
78 72 18
72 79 71
79 72 71
72 80 16
80 72 16
72 81 7
81 72 7
72 82 90
82 72 90
72 83 12
83 72 12
72 84 81
84 72 81
72 85 71
85 72 71
72 86 78
86 72 78
72 87 51
87 72 51
72 88 89
88 72 89
72 89 1
89 72 1
72 90 54
90 72 54
72 91 47
91 72 47
72 92 60
92 72 60
72 93 8
93 72 8
72 94 4
94 72 4
72 95 79
95 72 79
72 96 76
96 72 76
72 97 28
97 72 28
72 98 64
98 72 64
72 99 22
99 72 22
73 74 32
74 73 32
73 75 5
75 73 5
73 76 62
76 73 62
73 77 10
77 73 10
73 78 29
78 73 29
73 79 47
79 73 47
73 80 87
80 73 87
73 81 91
81 73 91
73 82 69
82 73 69
73 83 5
83 73 5
73 84 13
84 73 13
73 85 84
85 73 84
73 86 63
86 73 63
73 87 3
87 73 3
73 88 47
88 73 47
73 89 43
89 73 43
73 90 25
90 73 25
73 91 24
91 73 24
73 92 45
92 73 45
73 93 13
93 73 13
73 94 76
94 73 76
73 95 99
95 73 99
73 96 12
96 73 12
73 97 35
97 73 35
73 98 58
98 73 58
73 99 15
99 73 15
74 75 66
75 74 66
74 76 33
76 74 33
74 77 42
77 74 42
74 78 81
78 74 81
74 79 55
79 74 55
74 80 26
80 74 26
74 81 85
81 74 85
74 82 68
82 74 68
74 83 35
83 74 35
74 84 14
84 74 14
74 85 66
85 74 66
74 86 21
86 74 21
74 87 4
87 74 4
74 88 86
88 74 86
74 89 77
89 74 77
74 90 17
90 74 17
74 91 21
91 74 21
74 92 39
92 74 39
74 93 71
93 74 71
74 94 67
94 74 67
74 95 34
95 74 34
74 96 95
96 74 95
74 97 43
97 74 43
74 98 78
98 74 78
74 99 60
99 74 60
75 76 70
76 75 70
75 77 28
77 75 28
75 78 71
78 75 71
75 79 57
79 75 57
75 80 86
80 75 86
75 81 85
81 75 85
75 82 22
82 75 22
75 83 18
83 75 18
75 84 79
84 75 79
75 85 54
85 75 54
75 86 24
86 75 24
75 87 4
87 75 4
75 88 39
88 75 39
75 89 43
89 75 43
75 90 90
90 75 90
75 91 4
91 75 4
75 92 60
92 75 60
75 93 62
93 75 62
75 94 59
94 75 59
75 95 45
95 75 45
75 96 91
96 75 91
75 97 27
97 75 27
75 98 17
98 75 17
75 99 81
99 75 81
76 77 97
77 76 97
76 78 84
78 76 84
76 79 14
79 76 14
76 80 44
80 76 44
76 81 78
81 76 78
76 82 44
82 76 44
76 83 3
83 76 3
76 84 47
84 76 47
76 85 71
85 76 71
76 86 73
86 76 73
76 87 3
87 76 3
76 88 56
88 76 56
76 89 9
89 76 9
76 90 76
90 76 76
76 91 26
91 76 26
76 92 39
92 76 39
76 93 30
93 76 30
76 94 49
94 76 49
76 95 42
95 76 42
76 96 20
96 76 20
76 97 44
97 76 44
76 98 83
98 76 83
76 99 23
99 76 23
77 78 3
78 77 3
77 79 45
79 77 45
77 80 33
80 77 33
77 81 100
81 77 100
77 82 87
82 77 87
77 83 60
83 77 60
77 84 16
84 77 16
77 85 67
85 77 67
77 86 56
86 77 56
77 87 51
87 77 51
77 88 81
88 77 81
77 89 99
89 77 99
77 90 28
90 77 28
77 91 24
91 77 24
77 92 53
92 77 53
77 93 27
93 77 27
77 94 46
94 77 46
77 95 77
95 77 77
77 96 29
96 77 29
77 97 2
97 77 2
77 98 86
98 77 86
77 99 57
99 77 57
78 79 27
79 78 27
78 80 76
80 78 76
78 81 86
81 78 86
78 82 27
82 78 27
78 83 70
83 78 70
78 84 57
84 78 57
78 85 70
85 78 70
78 86 52
86 78 52
78 87 31
87 78 31
78 88 25
88 78 25
78 89 48
89 78 48
78 90 63
90 78 63
78 91 24
91 78 24
78 92 34
92 78 34
78 93 22
93 78 22
78 94 91
94 78 91
78 95 1
95 78 1
78 96 30
96 78 30
78 97 42
97 78 42
78 98 33
98 78 33
78 99 80
99 78 80
79 80 69
80 79 69
79 81 8
81 79 8
79 82 33
82 79 33
79 83 47
83 79 47
79 84 53
84 79 53
79 85 61
85 79 61
79 86 76
86 79 76
79 87 54
87 79 54
79 88 98
88 79 98
79 89 32
89 79 32
79 90 32
90 79 32
79 91 74
91 79 74
79 92 69
92 79 69
79 93 11
93 79 11
79 94 43
94 79 43
79 95 77
95 79 77
79 96 32
96 79 32
79 97 46
97 79 46
79 98 7
98 79 7
79 99 56
99 79 56
80 81 94
81 80 94
80 82 21
82 80 21
80 83 31
83 80 31
80 84 79
84 80 79
80 85 43
85 80 43
80 86 22
86 80 22
80 87 31
87 80 31
80 88 24
88 80 24
80 89 63
89 80 63
80 90 63
90 80 63
80 91 3
91 80 3
80 92 83
92 80 83
80 93 70
93 80 70
80 94 87
94 80 87
80 95 30
95 80 30
80 96 75
96 80 75
80 97 100
97 80 100
80 98 57
98 80 57
80 99 80
99 80 80
81 82 97
82 81 97
81 83 40
83 81 40
81 84 12
84 81 12
81 85 70
85 81 70
81 86 60
86 81 60
81 87 22
87 81 22
81 88 64
88 81 64
81 89 36
89 81 36
81 90 53
90 81 53
81 91 10
91 81 10
81 92 94
92 81 94
81 93 61
93 81 61
81 94 55
94 81 55
81 95 14
95 81 14
81 96 91
96 81 91
81 97 33
97 81 33
81 98 56
98 81 56
81 99 64
99 81 64
82 83 64
83 82 64
82 84 31
84 82 31
82 85 78
85 82 78
82 86 78
86 82 78
82 87 86
87 82 86
82 88 61
88 82 61
82 89 100
89 82 100
82 90 24
90 82 24
82 91 42
91 82 42
82 92 74
92 82 74
82 93 23
93 82 23
82 94 50
94 82 50
82 95 53
95 82 53
82 96 20
96 82 20
82 97 89
97 82 89
82 98 64
98 82 64
82 99 41
99 82 41
83 84 100
84 83 100
83 85 37
85 83 37
83 86 5
86 83 5
83 87 87
87 83 87
83 88 42
88 83 42
83 89 14
89 83 14
83 90 80
90 83 80
83 91 2
91 83 2
83 92 20
92 83 20
83 93 93
93 83 93
83 94 44
94 83 44
83 95 52
95 83 52
83 96 1
96 83 1
83 97 8
97 83 8
83 98 67
98 83 67
83 99 31
99 83 31
84 85 85
85 84 85
84 86 45
86 84 45
84 87 68
87 84 68
84 88 97
88 84 97
84 89 44
89 84 44
84 90 92
90 84 92
84 91 90
91 84 90
84 92 69
92 84 69
84 93 14
93 84 14
84 94 39
94 84 39
84 95 21
95 84 21
84 96 85
96 84 85
84 97 79
97 84 79
84 98 37
98 84 37
84 99 26
99 84 26
85 86 78
86 85 78
85 87 73
87 85 73
85 88 30
88 85 30
85 89 64
89 85 64
85 90 66
90 85 66
85 91 95
91 85 95
85 92 95
92 85 95
85 93 67
93 85 67
85 94 14
94 85 14
85 95 88
95 85 88
85 96 63
96 85 63
85 97 65
97 85 65
85 98 40
98 85 40
85 99 70
99 85 70
86 87 84
87 86 84
86 88 70
88 86 70
86 89 6
89 86 6
86 90 28
90 86 28
86 91 38
91 86 38
86 92 3
92 86 3
86 93 23
93 86 23
86 94 81
94 86 81
86 95 92
95 86 92
86 96 91
96 86 91
86 97 94
97 86 94
86 98 83
98 86 83
86 99 63
99 86 63
87 88 79
88 87 79
87 89 61
89 87 61
87 90 99
90 87 99
87 91 4
91 87 4
87 92 91
92 87 91
87 93 24
93 87 24
87 94 85
94 87 85
87 95 6
95 87 6
87 96 89
96 87 89
87 97 79
97 87 79
87 98 1
98 87 1
87 99 8
99 87 8
88 89 92
89 88 92
88 90 40
90 88 40
88 91 22
91 88 22
88 92 8
92 88 8
88 93 79
93 88 79
88 94 91
94 88 91
88 95 43
95 88 43
88 96 100
96 88 100
88 97 48
97 88 48
88 98 22
98 88 22
88 99 37
99 88 37
89 90 2
90 89 2
89 91 44
91 89 44
89 92 69
92 89 69
89 93 94
93 89 94
89 94 86
94 89 86
89 95 63
95 89 63
89 96 28
96 89 28
89 97 49
97 89 49
89 98 93
98 89 93
89 99 40
99 89 40
90 91 99
91 90 99
90 92 48
92 90 48
90 93 30
93 90 30
90 94 74
94 90 74
90 95 32
95 90 32
90 96 88
96 90 88
90 97 15
97 90 15
90 98 62
98 90 62
90 99 40
99 90 40
91 92 74
92 91 74
91 93 5
93 91 5
91 94 79
94 91 79
91 95 95
95 91 95
91 96 64
96 91 64
91 97 57
97 91 57
91 98 37
98 91 37
91 99 7
99 91 7
92 93 56
93 92 56
92 94 84
94 92 84
92 95 28
95 92 28
92 96 45
96 92 45
92 97 86
97 92 86
92 98 24
98 92 24
92 99 13
99 92 13
93 94 31
94 93 31
93 95 9
95 93 9
93 96 27
96 93 27
93 97 58
97 93 58
93 98 9
98 93 9
93 99 71
99 93 71
94 95 97
95 94 97
94 96 8
96 94 8
94 97 70
97 94 70
94 98 79
98 94 79
94 99 81
99 94 81
95 96 53
96 95 53
95 97 18
97 95 18
95 98 47
98 95 47
95 99 14
99 95 14
96 97 57
97 96 57
96 98 20
98 96 20
96 99 70
99 96 70
97 98 35
98 97 35
97 99 14
99 97 14
98 99 34
99 98 34
